Forward model for dp-dp survey with deformed quadrilateral mesh


    0    5  3.0    0    0

       225  49  << numnp_x, numnp_y
       
  -190.500      -90.500 -40.500 -20.500 -10.500 -5.500  -3.500  -2.500  -2.000  -1.750  -1.500  -1.250  -1.000  
  -0.750  -0.500  -0.250  0.000   0.250   0.500   0.750   1.000   1.250   1.500   1.750   2.000   2.250   2.500   
  2.750   3.000   3.250   3.500   3.750   4.000   4.250   4.500   4.750   5.000   5.250   5.500   5.750   6.000   
  6.250   6.500   6.750   7.000   7.250   7.500   7.750   8.000   8.250   8.500   8.750   9.000   9.250   9.500   
  9.750   10.000  10.250  10.500  10.750  11.000  11.250  11.500  11.750  12.000  12.250  12.500  12.750  13.000  
  13.250  13.500  13.750  14.000  14.250  14.500  14.750  15.000  15.250  15.500  15.750  16.000  16.250  16.500  
  16.750  17.000  17.250  17.500  17.750  18.000  18.250  18.500  18.750  19.000  19.250  19.500  19.750  20.000  
  20.250  20.500  20.750  21.000  21.250  21.500  21.750  22.000  22.250  22.500  22.750  23.000  23.250  23.500  
  23.750  24.000  24.250  24.500  24.750  25.000  25.250  25.500  25.750  26.000  26.250  26.500  26.750  27.000  
  27.250  27.500  27.750  28.000  28.250  28.500  28.750  29.000  29.250  29.500  29.750  30.000  30.250  30.500  
  30.750  31.000  31.250  31.500  31.750  32.000  32.250  32.500  32.750  33.000  33.250  33.500  33.750  34.000  
  34.250  34.500  34.750  35.000  35.250  35.500  35.750  36.000  36.250  36.500  36.750  37.000  37.250  37.500  
  37.750  38.000  38.250  38.500  38.750  39.000  39.250  39.500  39.750  40.000  40.250  40.500  40.750  41.000  
  41.250  41.500  41.750  42.000  42.250  42.500  42.750  43.000  43.250  43.500  43.750  44.000  44.250  44.500  
  44.750  45.000  45.250  45.500  45.750  46.000  46.250  46.500  46.750  47.000  47.250  47.500  47.750  48.000  
  48.250  48.500  48.750  49.000  49.250  49.500  49.750  50.000  50.500  51.500  53.500  58.500  68.500  88.500  
  138.500 238.500  << xx
  
   0.000   0.250   0.500   0.750   1.000   1.250   1.500   1.750   2.000   2.250   2.500   2.750   3.000   3.250   3.500
   3.750   4.000   4.250   4.500   4.750   5.000   5.250   5.500   5.750   6.000   6.250   6.500   6.750   7.000   7.250
   7.500   7.750   8.000   8.250   8.500   8.750   9.000   9.250   9.500   9.750  10.000  10.500  11.500  13.500  18.500
  28.500  48.500  98.500 198.500
   0.000   0.250   0.500   0.750   1.000   1.250   1.500   1.750   2.000   2.250   2.500   2.750   3.000   3.250   3.500
   3.750   4.000   4.250   4.500   4.750   5.000   5.250   5.500   5.750   6.000   6.250   6.500   6.750   7.000   7.250
   7.500   7.750   8.000   8.250   8.500   8.750   9.000   9.250   9.500   9.750  10.000  10.500  11.500  13.500  18.500
  28.500  48.500  98.500 198.500
   0.000   0.250   0.500   0.750   1.000   1.250   1.500   1.750   2.000   2.250   2.500   2.750   3.000   3.250   3.500
   3.750   4.000   4.250   4.500   4.750   5.000   5.250   5.500   5.750   6.000   6.250   6.500   6.750   7.000   7.250
   7.500   7.750   8.000   8.250   8.500   8.750   9.000   9.250   9.500   9.750  10.000  10.500  11.500  13.500  18.500
  28.500  48.500  98.500 198.500
   0.000   0.250   0.500   0.750   1.000   1.250   1.500   1.750   2.000   2.250   2.500   2.750   3.000   3.250   3.500
   3.750   4.000   4.250   4.500   4.750   5.000   5.250   5.500   5.750   6.000   6.250   6.500   6.750   7.000   7.250
   7.500   7.750   8.000   8.250   8.500   8.750   9.000   9.250   9.500   9.750  10.000  10.500  11.500  13.500  18.500
  28.500  48.500  98.500 198.500
   0.000   0.250   0.500   0.750   1.000   1.250   1.500   1.750   2.000   2.250   2.500   2.750   3.000   3.250   3.500
   3.750   4.000   4.250   4.500   4.750   5.000   5.250   5.500   5.750   6.000   6.250   6.500   6.750   7.000   7.250
   7.500   7.750   8.000   8.250   8.500   8.750   9.000   9.250   9.500   9.750  10.000  10.500  11.500  13.500  18.500
  28.500  48.500  98.500 198.500
   0.000   0.250   0.500   0.750   1.000   1.250   1.500   1.750   2.000   2.250   2.500   2.750   3.000   3.250   3.500
   3.750   4.000   4.250   4.500   4.750   5.000   5.250   5.500   5.750   6.000   6.250   6.500   6.750   7.000   7.250
   7.500   7.750   8.000   8.250   8.500   8.750   9.000   9.250   9.500   9.750  10.000  10.500  11.500  13.500  18.500
  28.500  48.500  98.500 198.500
   0.000   0.250   0.500   0.750   1.000   1.250   1.500   1.750   2.000   2.250   2.500   2.750   3.000   3.250   3.500
   3.750   4.000   4.250   4.500   4.750   5.000   5.250   5.500   5.750   6.000   6.250   6.500   6.750   7.000   7.250
   7.500   7.750   8.000   8.250   8.500   8.750   9.000   9.250   9.500   9.750  10.000  10.500  11.500  13.500  18.500
  28.500  48.500  98.500 198.500
   0.000   0.250   0.500   0.750   1.000   1.250   1.500   1.750   2.000   2.250   2.500   2.750   3.000   3.250   3.500
   3.750   4.000   4.250   4.500   4.750   5.000   5.250   5.500   5.750   6.000   6.250   6.500   6.750   7.000   7.250
   7.500   7.750   8.000   8.250   8.500   8.750   9.000   9.250   9.500   9.750  10.000  10.500  11.500  13.500  18.500
  28.500  48.500  98.500 198.500
   0.000   0.250   0.500   0.750   1.000   1.250   1.500   1.750   2.000   2.250   2.500   2.750   3.000   3.250   3.500
   3.750   4.000   4.250   4.500   4.750   5.000   5.250   5.500   5.750   6.000   6.250   6.500   6.750   7.000   7.250
   7.500   7.750   8.000   8.250   8.500   8.750   9.000   9.250   9.500   9.750  10.000  10.500  11.500  13.500  18.500
  28.500  48.500  98.500 198.500
   0.000   0.250   0.500   0.750   1.000   1.250   1.500   1.750   2.000   2.250   2.500   2.750   3.000   3.250   3.500
   3.750   4.000   4.250   4.500   4.750   5.000   5.250   5.500   5.750   6.000   6.250   6.500   6.750   7.000   7.250
   7.500   7.750   8.000   8.250   8.500   8.750   9.000   9.250   9.500   9.750  10.000  10.500  11.500  13.500  18.500
  28.500  48.500  98.500 198.500
   0.000   0.250   0.500   0.750   1.000   1.250   1.500   1.750   2.000   2.250   2.500   2.750   3.000   3.250   3.500
   3.750   4.000   4.250   4.500   4.750   5.000   5.250   5.500   5.750   6.000   6.250   6.500   6.750   7.000   7.250
   7.500   7.750   8.000   8.250   8.500   8.750   9.000   9.250   9.500   9.750  10.000  10.500  11.500  13.500  18.500
  28.500  48.500  98.500 198.500
   0.000   0.250   0.500   0.750   1.000   1.250   1.500   1.750   2.000   2.250   2.500   2.750   3.000   3.250   3.500
   3.750   4.000   4.250   4.500   4.750   5.000   5.250   5.500   5.750   6.000   6.250   6.500   6.750   7.000   7.250
   7.500   7.750   8.000   8.250   8.500   8.750   9.000   9.250   9.500   9.750  10.000  10.500  11.500  13.500  18.500
  28.500  48.500  98.500 198.500
   0.000   0.250   0.500   0.750   1.000   1.250   1.500   1.750   2.000   2.250   2.500   2.750   3.000   3.250   3.500
   3.750   4.000   4.250   4.500   4.750   5.000   5.250   5.500   5.750   6.000   6.250   6.500   6.750   7.000   7.250
   7.500   7.750   8.000   8.250   8.500   8.750   9.000   9.250   9.500   9.750  10.000  10.500  11.500  13.500  18.500
  28.500  48.500  98.500 198.500
   0.000   0.250   0.500   0.750   1.000   1.250   1.500   1.750   2.000   2.250   2.500   2.750   3.000   3.250   3.500
   3.750   4.000   4.250   4.500   4.750   5.000   5.250   5.500   5.750   6.000   6.250   6.500   6.750   7.000   7.250
   7.500   7.750   8.000   8.250   8.500   8.750   9.000   9.250   9.500   9.750  10.000  10.500  11.500  13.500  18.500
  28.500  48.500  98.500 198.500
   0.000   0.250   0.500   0.750   1.000   1.250   1.500   1.750   2.000   2.250   2.500   2.750   3.000   3.250   3.500
   3.750   4.000   4.250   4.500   4.750   5.000   5.250   5.500   5.750   6.000   6.250   6.500   6.750   7.000   7.250
   7.500   7.750   8.000   8.250   8.500   8.750   9.000   9.250   9.500   9.750  10.000  10.500  11.500  13.500  18.500
  28.500  48.500  98.500 198.500
   0.000   0.250   0.500   0.750   1.000   1.250   1.500   1.750   2.000   2.250   2.500   2.750   3.000   3.250   3.500
   3.750   4.000   4.250   4.500   4.750   5.000   5.250   5.500   5.750   6.000   6.250   6.500   6.750   7.000   7.250
   7.500   7.750   8.000   8.250   8.500   8.750   9.000   9.250   9.500   9.750  10.000  10.500  11.500  13.500  18.500
  28.500  48.500  98.500 198.500
   0.000   0.250   0.500   0.750   1.000   1.250   1.500   1.750   2.000   2.250   2.500   2.750   3.000   3.250   3.500
   3.750   4.000   4.250   4.500   4.750   5.000   5.250   5.500   5.750   6.000   6.250   6.500   6.750   7.000   7.250
   7.500   7.750   8.000   8.250   8.500   8.750   9.000   9.250   9.500   9.750  10.000  10.500  11.500  13.500  18.500
  28.500  48.500  98.500 198.500
   0.000   0.253   0.503   0.753   1.003   1.253   1.503   1.753   2.003   2.253   2.503   2.753   3.003   3.253   3.503
   3.753   4.003   4.253   4.503   4.753   5.003   5.253   5.503   5.753   6.003   6.253   6.503   6.753   7.003   7.253
   7.503   7.753   8.003   8.253   8.503   8.753   9.003   9.253   9.503   9.753  10.003  10.503  11.503  13.503  18.503
  28.503  48.503  98.503 198.503
   0.000   0.255   0.505   0.755   1.005   1.255   1.505   1.755   2.005   2.255   2.505   2.755   3.005   3.255   3.505
   3.755   4.005   4.255   4.505   4.755   5.005   5.255   5.505   5.755   6.005   6.255   6.505   6.755   7.005   7.255
   7.505   7.755   8.005   8.255   8.505   8.755   9.005   9.255   9.505   9.755  10.005  10.505  11.505  13.505  18.505
  28.505  48.505  98.505 198.505
   0.000   0.258   0.508   0.758   1.008   1.258   1.508   1.758   2.008   2.258   2.508   2.758   3.008   3.258   3.508
   3.758   4.008   4.258   4.508   4.758   5.008   5.258   5.508   5.758   6.008   6.258   6.508   6.758   7.008   7.258
   7.508   7.758   8.008   8.258   8.508   8.758   9.008   9.258   9.508   9.758  10.008  10.508  11.508  13.508  18.508
  28.508  48.508  98.508 198.508
   0.000   0.260   0.510   0.760   1.010   1.260   1.510   1.760   2.010   2.260   2.510   2.760   3.010   3.260   3.510
   3.760   4.010   4.260   4.510   4.760   5.010   5.260   5.510   5.760   6.010   6.260   6.510   6.760   7.010   7.260
   7.510   7.760   8.010   8.260   8.510   8.760   9.010   9.260   9.510   9.760  10.010  10.510  11.510  13.510  18.510
  28.510  48.510  98.510 198.510
   0.000   0.263   0.513   0.763   1.013   1.263   1.513   1.763   2.013   2.263   2.513   2.763   3.013   3.263   3.513
   3.763   4.013   4.263   4.513   4.763   5.013   5.263   5.513   5.763   6.013   6.263   6.513   6.763   7.013   7.263
   7.513   7.763   8.013   8.263   8.513   8.763   9.013   9.263   9.513   9.763  10.013  10.513  11.513  13.513  18.513
  28.513  48.513  98.513 198.513
   0.000   0.266   0.516   0.766   1.016   1.266   1.516   1.766   2.016   2.266   2.516   2.766   3.016   3.266   3.516
   3.766   4.016   4.266   4.516   4.766   5.016   5.266   5.516   5.766   6.016   6.266   6.516   6.766   7.016   7.266
   7.516   7.766   8.016   8.266   8.516   8.766   9.016   9.266   9.516   9.766  10.016  10.516  11.516  13.516  18.516
  28.516  48.516  98.516 198.516
   0.000   0.268   0.518   0.768   1.018   1.268   1.518   1.768   2.018   2.268   2.518   2.768   3.018   3.268   3.518
   3.768   4.018   4.268   4.518   4.768   5.018   5.268   5.518   5.768   6.018   6.268   6.518   6.768   7.018   7.268
   7.518   7.768   8.018   8.268   8.518   8.768   9.018   9.268   9.518   9.768  10.018  10.518  11.518  13.518  18.518
  28.518  48.518  98.518 198.518
   0.000   0.271   0.521   0.771   1.021   1.271   1.521   1.771   2.021   2.271   2.521   2.771   3.021   3.271   3.521
   3.771   4.021   4.271   4.521   4.771   5.021   5.271   5.521   5.771   6.021   6.271   6.521   6.771   7.021   7.271
   7.521   7.771   8.021   8.271   8.521   8.771   9.021   9.271   9.521   9.771  10.021  10.521  11.521  13.521  18.521
  28.521  48.521  98.521 198.521
   0.000   0.273   0.523   0.773   1.023   1.273   1.523   1.773   2.023   2.273   2.523   2.773   3.023   3.273   3.523
   3.773   4.023   4.273   4.523   4.773   5.023   5.273   5.523   5.773   6.023   6.273   6.523   6.773   7.023   7.273
   7.523   7.773   8.023   8.273   8.523   8.773   9.023   9.273   9.523   9.773  10.023  10.523  11.523  13.523  18.523
  28.523  48.523  98.523 198.523
   0.000   0.276   0.526   0.776   1.026   1.276   1.526   1.776   2.026   2.276   2.526   2.776   3.026   3.276   3.526
   3.776   4.026   4.276   4.526   4.776   5.026   5.276   5.526   5.776   6.026   6.276   6.526   6.776   7.026   7.276
   7.526   7.776   8.026   8.276   8.526   8.776   9.026   9.276   9.526   9.776  10.026  10.526  11.526  13.526  18.526
  28.526  48.526  98.526 198.526
   0.000   0.279   0.529   0.779   1.029   1.279   1.529   1.779   2.029   2.279   2.529   2.779   3.029   3.279   3.529
   3.779   4.029   4.279   4.529   4.779   5.029   5.279   5.529   5.779   6.029   6.279   6.529   6.779   7.029   7.279
   7.529   7.779   8.029   8.279   8.529   8.779   9.029   9.279   9.529   9.779  10.029  10.529  11.529  13.529  18.529
  28.529  48.529  98.529 198.529
   0.000   0.281   0.531   0.781   1.031   1.281   1.531   1.781   2.031   2.281   2.531   2.781   3.031   3.281   3.531
   3.781   4.031   4.281   4.531   4.781   5.031   5.281   5.531   5.781   6.031   6.281   6.531   6.781   7.031   7.281
   7.531   7.781   8.031   8.281   8.531   8.781   9.031   9.281   9.531   9.781  10.031  10.531  11.531  13.531  18.531
  28.531  48.531  98.531 198.531
   0.000   0.284   0.534   0.784   1.034   1.284   1.534   1.784   2.034   2.284   2.534   2.784   3.034   3.284   3.534
   3.784   4.034   4.284   4.534   4.784   5.034   5.284   5.534   5.784   6.034   6.284   6.534   6.784   7.034   7.284
   7.534   7.784   8.034   8.284   8.534   8.784   9.034   9.284   9.534   9.784  10.034  10.534  11.534  13.534  18.534
  28.534  48.534  98.534 198.534
   0.000   0.286   0.536   0.786   1.036   1.286   1.536   1.786   2.036   2.286   2.536   2.786   3.036   3.286   3.536
   3.786   4.036   4.286   4.536   4.786   5.036   5.286   5.536   5.786   6.036   6.286   6.536   6.786   7.036   7.286
   7.536   7.786   8.036   8.286   8.536   8.786   9.036   9.286   9.536   9.786  10.036  10.536  11.536  13.536  18.536
  28.536  48.536  98.536 198.536
   0.000   0.289   0.539   0.789   1.039   1.289   1.539   1.789   2.039   2.289   2.539   2.789   3.039   3.289   3.539
   3.789   4.039   4.289   4.539   4.789   5.039   5.289   5.539   5.789   6.039   6.289   6.539   6.789   7.039   7.289
   7.539   7.789   8.039   8.289   8.539   8.789   9.039   9.289   9.539   9.789  10.039  10.539  11.539  13.539  18.539
  28.539  48.539  98.539 198.539
   0.000   0.292   0.542   0.792   1.042   1.292   1.542   1.792   2.042   2.292   2.542   2.792   3.042   3.292   3.542
   3.792   4.042   4.292   4.542   4.792   5.042   5.292   5.542   5.792   6.042   6.292   6.542   6.792   7.042   7.292
   7.542   7.792   8.042   8.292   8.542   8.792   9.042   9.292   9.542   9.792  10.042  10.542  11.542  13.542  18.542
  28.542  48.542  98.542 198.542
   0.000   0.294   0.544   0.794   1.044   1.294   1.544   1.794   2.044   2.294   2.544   2.794   3.044   3.294   3.544
   3.794   4.044   4.294   4.544   4.794   5.044   5.294   5.544   5.794   6.044   6.294   6.544   6.794   7.044   7.294
   7.544   7.794   8.044   8.294   8.544   8.794   9.044   9.294   9.544   9.794  10.044  10.544  11.544  13.544  18.544
  28.544  48.544  98.544 198.544
   0.000   0.297   0.547   0.797   1.047   1.297   1.547   1.797   2.047   2.297   2.547   2.797   3.047   3.297   3.547
   3.797   4.047   4.297   4.547   4.797   5.047   5.297   5.547   5.797   6.047   6.297   6.547   6.797   7.047   7.297
   7.547   7.797   8.047   8.297   8.547   8.797   9.047   9.297   9.547   9.797  10.047  10.547  11.547  13.547  18.547
  28.547  48.547  98.547 198.547
   0.000   0.299   0.549   0.799   1.049   1.299   1.549   1.799   2.049   2.299   2.549   2.799   3.049   3.299   3.549
   3.799   4.049   4.299   4.549   4.799   5.049   5.299   5.549   5.799   6.049   6.299   6.549   6.799   7.049   7.299
   7.549   7.799   8.049   8.299   8.549   8.799   9.049   9.299   9.549   9.799  10.049  10.549  11.549  13.549  18.549
  28.549  48.549  98.549 198.549
   0.000   0.302   0.552   0.802   1.052   1.302   1.552   1.802   2.052   2.302   2.552   2.802   3.052   3.302   3.552
   3.802   4.052   4.302   4.552   4.802   5.052   5.302   5.552   5.802   6.052   6.302   6.552   6.802   7.052   7.302
   7.552   7.802   8.052   8.302   8.552   8.802   9.052   9.302   9.552   9.802  10.052  10.552  11.552  13.552  18.552
  28.552  48.552  98.552 198.552
   0.000   0.305   0.555   0.805   1.055   1.305   1.555   1.805   2.055   2.305   2.555   2.805   3.055   3.305   3.555
   3.805   4.055   4.305   4.555   4.805   5.055   5.305   5.555   5.805   6.055   6.305   6.555   6.805   7.055   7.305
   7.555   7.805   8.055   8.305   8.555   8.805   9.055   9.305   9.555   9.805  10.055  10.555  11.555  13.555  18.555
  28.555  48.555  98.555 198.555
   0.000   0.307   0.557   0.807   1.057   1.307   1.557   1.807   2.057   2.307   2.557   2.807   3.057   3.307   3.557
   3.807   4.057   4.307   4.557   4.807   5.057   5.307   5.557   5.807   6.057   6.307   6.557   6.807   7.057   7.307
   7.557   7.807   8.057   8.307   8.557   8.807   9.057   9.307   9.557   9.807  10.057  10.557  11.557  13.557  18.557
  28.557  48.557  98.557 198.557
   0.000   0.310   0.560   0.810   1.060   1.310   1.560   1.810   2.060   2.310   2.560   2.810   3.060   3.310   3.560
   3.810   4.060   4.310   4.560   4.810   5.060   5.310   5.560   5.810   6.060   6.310   6.560   6.810   7.060   7.310
   7.560   7.810   8.060   8.310   8.560   8.810   9.060   9.310   9.560   9.810  10.060  10.560  11.560  13.560  18.560
  28.560  48.560  98.560 198.560
   0.000   0.312   0.562   0.812   1.062   1.312   1.562   1.812   2.062   2.312   2.562   2.812   3.062   3.312   3.562
   3.812   4.062   4.312   4.562   4.812   5.062   5.312   5.562   5.812   6.062   6.312   6.562   6.812   7.062   7.312
   7.562   7.812   8.062   8.312   8.562   8.812   9.062   9.312   9.562   9.812  10.062  10.562  11.562  13.562  18.562
  28.562  48.562  98.562 198.562
   0.000   0.315   0.565   0.815   1.065   1.315   1.565   1.815   2.065   2.315   2.565   2.815   3.065   3.315   3.565
   3.815   4.065   4.315   4.565   4.815   5.065   5.315   5.565   5.815   6.065   6.315   6.565   6.815   7.065   7.315
   7.565   7.815   8.065   8.315   8.565   8.815   9.065   9.315   9.565   9.815  10.065  10.565  11.565  13.565  18.565
  28.565  48.565  98.565 198.565
   0.000   0.318   0.568   0.818   1.068   1.318   1.568   1.818   2.068   2.318   2.568   2.818   3.068   3.318   3.568
   3.818   4.068   4.318   4.568   4.818   5.068   5.318   5.568   5.818   6.068   6.318   6.568   6.818   7.068   7.318
   7.568   7.818   8.068   8.318   8.568   8.818   9.068   9.318   9.568   9.818  10.068  10.568  11.568  13.568  18.568
  28.568  48.568  98.568 198.568
   0.000   0.320   0.570   0.820   1.070   1.320   1.570   1.820   2.070   2.320   2.570   2.820   3.070   3.320   3.570
   3.820   4.070   4.320   4.570   4.820   5.070   5.320   5.570   5.820   6.070   6.320   6.570   6.820   7.070   7.320
   7.570   7.820   8.070   8.320   8.570   8.820   9.070   9.320   9.570   9.820  10.070  10.570  11.570  13.570  18.570
  28.570  48.570  98.570 198.570
   0.000   0.323   0.573   0.823   1.073   1.323   1.573   1.823   2.073   2.323   2.573   2.823   3.073   3.323   3.573
   3.823   4.073   4.323   4.573   4.823   5.073   5.323   5.573   5.823   6.073   6.323   6.573   6.823   7.073   7.323
   7.573   7.823   8.073   8.323   8.573   8.823   9.073   9.323   9.573   9.823  10.073  10.573  11.573  13.573  18.573
  28.573  48.573  98.573 198.573
   0.000   0.326   0.576   0.826   1.076   1.326   1.576   1.826   2.076   2.326   2.576   2.826   3.076   3.326   3.576
   3.826   4.076   4.326   4.576   4.826   5.076   5.326   5.576   5.826   6.076   6.326   6.576   6.826   7.076   7.326
   7.576   7.826   8.076   8.326   8.576   8.826   9.076   9.326   9.576   9.826  10.076  10.576  11.576  13.576  18.576
  28.576  48.576  98.576 198.576
   0.000   0.328   0.578   0.828   1.078   1.328   1.578   1.828   2.078   2.328   2.578   2.828   3.078   3.328   3.578
   3.828   4.078   4.328   4.578   4.828   5.078   5.328   5.578   5.828   6.078   6.328   6.578   6.828   7.078   7.328
   7.578   7.828   8.078   8.328   8.578   8.828   9.078   9.328   9.578   9.828  10.078  10.578  11.578  13.578  18.578
  28.578  48.578  98.578 198.578
   0.000   0.331   0.581   0.831   1.081   1.331   1.581   1.831   2.081   2.331   2.581   2.831   3.081   3.331   3.581
   3.831   4.081   4.331   4.581   4.831   5.081   5.331   5.581   5.831   6.081   6.331   6.581   6.831   7.081   7.331
   7.581   7.831   8.081   8.331   8.581   8.831   9.081   9.331   9.581   9.831  10.081  10.581  11.581  13.581  18.581
  28.581  48.581  98.581 198.581
   0.000   0.333   0.583   0.833   1.083   1.333   1.583   1.833   2.083   2.333   2.583   2.833   3.083   3.333   3.583
   3.833   4.083   4.333   4.583   4.833   5.083   5.333   5.583   5.833   6.083   6.333   6.583   6.833   7.083   7.333
   7.583   7.833   8.083   8.333   8.583   8.833   9.083   9.333   9.583   9.833  10.083  10.583  11.583  13.583  18.583
  28.583  48.583  98.583 198.583
   0.000   0.336   0.586   0.836   1.086   1.336   1.586   1.836   2.086   2.336   2.586   2.836   3.086   3.336   3.586
   3.836   4.086   4.336   4.586   4.836   5.086   5.336   5.586   5.836   6.086   6.336   6.586   6.836   7.086   7.336
   7.586   7.836   8.086   8.336   8.586   8.836   9.086   9.336   9.586   9.836  10.086  10.586  11.586  13.586  18.586
  28.586  48.586  98.586 198.586
   0.000   0.339   0.589   0.839   1.089   1.339   1.589   1.839   2.089   2.339   2.589   2.839   3.089   3.339   3.589
   3.839   4.089   4.339   4.589   4.839   5.089   5.339   5.589   5.839   6.089   6.339   6.589   6.839   7.089   7.339
   7.589   7.839   8.089   8.339   8.589   8.839   9.089   9.339   9.589   9.839  10.089  10.589  11.589  13.589  18.589
  28.589  48.589  98.589 198.589
   0.000   0.341   0.591   0.841   1.091   1.341   1.591   1.841   2.091   2.341   2.591   2.841   3.091   3.341   3.591
   3.841   4.091   4.341   4.591   4.841   5.091   5.341   5.591   5.841   6.091   6.341   6.591   6.841   7.091   7.341
   7.591   7.841   8.091   8.341   8.591   8.841   9.091   9.341   9.591   9.841  10.091  10.591  11.591  13.591  18.591
  28.591  48.591  98.591 198.591
   0.000   0.344   0.594   0.844   1.094   1.344   1.594   1.844   2.094   2.344   2.594   2.844   3.094   3.344   3.594
   3.844   4.094   4.344   4.594   4.844   5.094   5.344   5.594   5.844   6.094   6.344   6.594   6.844   7.094   7.344
   7.594   7.844   8.094   8.344   8.594   8.844   9.094   9.344   9.594   9.844  10.094  10.594  11.594  13.594  18.594
  28.594  48.594  98.594 198.594
   0.000   0.346   0.596   0.846   1.096   1.346   1.596   1.846   2.096   2.346   2.596   2.846   3.096   3.346   3.596
   3.846   4.096   4.346   4.596   4.846   5.096   5.346   5.596   5.846   6.096   6.346   6.596   6.846   7.096   7.346
   7.596   7.846   8.096   8.346   8.596   8.846   9.096   9.346   9.596   9.846  10.096  10.596  11.596  13.596  18.596
  28.596  48.596  98.596 198.596
   0.000   0.349   0.599   0.849   1.099   1.349   1.599   1.849   2.099   2.349   2.599   2.849   3.099   3.349   3.599
   3.849   4.099   4.349   4.599   4.849   5.099   5.349   5.599   5.849   6.099   6.349   6.599   6.849   7.099   7.349
   7.599   7.849   8.099   8.349   8.599   8.849   9.099   9.349   9.599   9.849  10.099  10.599  11.599  13.599  18.599
  28.599  48.599  98.599 198.599
   0.000   0.352   0.602   0.852   1.102   1.352   1.602   1.852   2.102   2.352   2.602   2.852   3.102   3.352   3.602
   3.852   4.102   4.352   4.602   4.852   5.102   5.352   5.602   5.852   6.102   6.352   6.602   6.852   7.102   7.352
   7.602   7.852   8.102   8.352   8.602   8.852   9.102   9.352   9.602   9.852  10.102  10.602  11.602  13.602  18.602
  28.602  48.602  98.602 198.602
   0.000   0.354   0.604   0.854   1.104   1.354   1.604   1.854   2.104   2.354   2.604   2.854   3.104   3.354   3.604
   3.854   4.104   4.354   4.604   4.854   5.104   5.354   5.604   5.854   6.104   6.354   6.604   6.854   7.104   7.354
   7.604   7.854   8.104   8.354   8.604   8.854   9.104   9.354   9.604   9.854  10.104  10.604  11.604  13.604  18.604
  28.604  48.604  98.604 198.604
   0.000   0.357   0.607   0.857   1.107   1.357   1.607   1.857   2.107   2.357   2.607   2.857   3.107   3.357   3.607
   3.857   4.107   4.357   4.607   4.857   5.107   5.357   5.607   5.857   6.107   6.357   6.607   6.857   7.107   7.357
   7.607   7.857   8.107   8.357   8.607   8.857   9.107   9.357   9.607   9.857  10.107  10.607  11.607  13.607  18.607
  28.607  48.607  98.607 198.607
   0.000   0.359   0.609   0.859   1.109   1.359   1.609   1.859   2.109   2.359   2.609   2.859   3.109   3.359   3.609
   3.859   4.109   4.359   4.609   4.859   5.109   5.359   5.609   5.859   6.109   6.359   6.609   6.859   7.109   7.359
   7.609   7.859   8.109   8.359   8.609   8.859   9.109   9.359   9.609   9.859  10.109  10.609  11.609  13.609  18.609
  28.609  48.609  98.609 198.609
   0.000   0.362   0.612   0.862   1.112   1.362   1.612   1.862   2.112   2.362   2.612   2.862   3.112   3.362   3.612
   3.862   4.112   4.362   4.612   4.862   5.112   5.362   5.612   5.862   6.112   6.362   6.612   6.862   7.112   7.362
   7.612   7.862   8.112   8.362   8.612   8.862   9.112   9.362   9.612   9.862  10.112  10.612  11.612  13.612  18.612
  28.612  48.612  98.612 198.612
   0.000   0.365   0.615   0.865   1.115   1.365   1.615   1.865   2.115   2.365   2.615   2.865   3.115   3.365   3.615
   3.865   4.115   4.365   4.615   4.865   5.115   5.365   5.615   5.865   6.115   6.365   6.615   6.865   7.115   7.365
   7.615   7.865   8.115   8.365   8.615   8.865   9.115   9.365   9.615   9.865  10.115  10.615  11.615  13.615  18.615
  28.615  48.615  98.615 198.615
   0.000   0.367   0.617   0.867   1.117   1.367   1.617   1.867   2.117   2.367   2.617   2.867   3.117   3.367   3.617
   3.867   4.117   4.367   4.617   4.867   5.117   5.367   5.617   5.867   6.117   6.367   6.617   6.867   7.117   7.367
   7.617   7.867   8.117   8.367   8.617   8.867   9.117   9.367   9.617   9.867  10.117  10.617  11.617  13.617  18.617
  28.617  48.617  98.617 198.617
   0.000   0.370   0.620   0.870   1.120   1.370   1.620   1.870   2.120   2.370   2.620   2.870   3.120   3.370   3.620
   3.870   4.120   4.370   4.620   4.870   5.120   5.370   5.620   5.870   6.120   6.370   6.620   6.870   7.120   7.370
   7.620   7.870   8.120   8.370   8.620   8.870   9.120   9.370   9.620   9.870  10.120  10.620  11.620  13.620  18.620
  28.620  48.620  98.620 198.620
   0.000   0.372   0.622   0.872   1.122   1.372   1.622   1.872   2.122   2.372   2.622   2.872   3.122   3.372   3.622
   3.872   4.122   4.372   4.622   4.872   5.122   5.372   5.622   5.872   6.122   6.372   6.622   6.872   7.122   7.372
   7.622   7.872   8.122   8.372   8.622   8.872   9.122   9.372   9.622   9.872  10.122  10.622  11.622  13.622  18.622
  28.622  48.622  98.622 198.622
   0.000   0.375   0.625   0.875   1.125   1.375   1.625   1.875   2.125   2.375   2.625   2.875   3.125   3.375   3.625
   3.875   4.125   4.375   4.625   4.875   5.125   5.375   5.625   5.875   6.125   6.375   6.625   6.875   7.125   7.375
   7.625   7.875   8.125   8.375   8.625   8.875   9.125   9.375   9.625   9.875  10.125  10.625  11.625  13.625  18.625
  28.625  48.625  98.625 198.625
   0.000   0.378   0.628   0.878   1.128   1.378   1.628   1.878   2.128   2.378   2.628   2.878   3.128   3.378   3.628
   3.878   4.128   4.378   4.628   4.878   5.128   5.378   5.628   5.878   6.128   6.378   6.628   6.878   7.128   7.378
   7.628   7.878   8.128   8.378   8.628   8.878   9.128   9.378   9.628   9.878  10.128  10.628  11.628  13.628  18.628
  28.628  48.628  98.628 198.628
   0.000   0.380   0.630   0.880   1.130   1.380   1.630   1.880   2.130   2.380   2.630   2.880   3.130   3.380   3.630
   3.880   4.130   4.380   4.630   4.880   5.130   5.380   5.630   5.880   6.130   6.380   6.630   6.880   7.130   7.380
   7.630   7.880   8.130   8.380   8.630   8.880   9.130   9.380   9.630   9.880  10.130  10.630  11.630  13.630  18.630
  28.630  48.630  98.630 198.630
   0.000   0.383   0.633   0.883   1.133   1.383   1.633   1.883   2.133   2.383   2.633   2.883   3.133   3.383   3.633
   3.883   4.133   4.383   4.633   4.883   5.133   5.383   5.633   5.883   6.133   6.383   6.633   6.883   7.133   7.383
   7.633   7.883   8.133   8.383   8.633   8.883   9.133   9.383   9.633   9.883  10.133  10.633  11.633  13.633  18.633
  28.633  48.633  98.633 198.633
   0.000   0.385   0.635   0.885   1.135   1.385   1.635   1.885   2.135   2.385   2.635   2.885   3.135   3.385   3.635
   3.885   4.135   4.385   4.635   4.885   5.135   5.385   5.635   5.885   6.135   6.385   6.635   6.885   7.135   7.385
   7.635   7.885   8.135   8.385   8.635   8.885   9.135   9.385   9.635   9.885  10.135  10.635  11.635  13.635  18.635
  28.635  48.635  98.635 198.635
   0.000   0.388   0.638   0.888   1.138   1.388   1.638   1.888   2.138   2.388   2.638   2.888   3.138   3.388   3.638
   3.888   4.138   4.388   4.638   4.888   5.138   5.388   5.638   5.888   6.138   6.388   6.638   6.888   7.138   7.388
   7.638   7.888   8.138   8.388   8.638   8.888   9.138   9.388   9.638   9.888  10.138  10.638  11.638  13.638  18.638
  28.638  48.638  98.638 198.638
   0.000   0.391   0.641   0.891   1.141   1.391   1.641   1.891   2.141   2.391   2.641   2.891   3.141   3.391   3.641
   3.891   4.141   4.391   4.641   4.891   5.141   5.391   5.641   5.891   6.141   6.391   6.641   6.891   7.141   7.391
   7.641   7.891   8.141   8.391   8.641   8.891   9.141   9.391   9.641   9.891  10.141  10.641  11.641  13.641  18.641
  28.641  48.641  98.641 198.641
   0.000   0.393   0.643   0.893   1.143   1.393   1.643   1.893   2.143   2.393   2.643   2.893   3.143   3.393   3.643
   3.893   4.143   4.393   4.643   4.893   5.143   5.393   5.643   5.893   6.143   6.393   6.643   6.893   7.143   7.393
   7.643   7.893   8.143   8.393   8.643   8.893   9.143   9.393   9.643   9.893  10.143  10.643  11.643  13.643  18.643
  28.643  48.643  98.643 198.643
   0.000   0.396   0.646   0.896   1.146   1.396   1.646   1.896   2.146   2.396   2.646   2.896   3.146   3.396   3.646
   3.896   4.146   4.396   4.646   4.896   5.146   5.396   5.646   5.896   6.146   6.396   6.646   6.896   7.146   7.396
   7.646   7.896   8.146   8.396   8.646   8.896   9.146   9.396   9.646   9.896  10.146  10.646  11.646  13.646  18.646
  28.646  48.646  98.646 198.646
   0.000   0.398   0.648   0.898   1.148   1.398   1.648   1.898   2.148   2.398   2.648   2.898   3.148   3.398   3.648
   3.898   4.148   4.398   4.648   4.898   5.148   5.398   5.648   5.898   6.148   6.398   6.648   6.898   7.148   7.398
   7.648   7.898   8.148   8.398   8.648   8.898   9.148   9.398   9.648   9.898  10.148  10.648  11.648  13.648  18.648
  28.648  48.648  98.648 198.648
   0.000   0.401   0.651   0.901   1.151   1.401   1.651   1.901   2.151   2.401   2.651   2.901   3.151   3.401   3.651
   3.901   4.151   4.401   4.651   4.901   5.151   5.401   5.651   5.901   6.151   6.401   6.651   6.901   7.151   7.401
   7.651   7.901   8.151   8.401   8.651   8.901   9.151   9.401   9.651   9.901  10.151  10.651  11.651  13.651  18.651
  28.651  48.651  98.651 198.651
   0.000   0.404   0.654   0.904   1.154   1.404   1.654   1.904   2.154   2.404   2.654   2.904   3.154   3.404   3.654
   3.904   4.154   4.404   4.654   4.904   5.154   5.404   5.654   5.904   6.154   6.404   6.654   6.904   7.154   7.404
   7.654   7.904   8.154   8.404   8.654   8.904   9.154   9.404   9.654   9.904  10.154  10.654  11.654  13.654  18.654
  28.654  48.654  98.654 198.654
   0.000   0.406   0.656   0.906   1.156   1.406   1.656   1.906   2.156   2.406   2.656   2.906   3.156   3.406   3.656
   3.906   4.156   4.406   4.656   4.906   5.156   5.406   5.656   5.906   6.156   6.406   6.656   6.906   7.156   7.406
   7.656   7.906   8.156   8.406   8.656   8.906   9.156   9.406   9.656   9.906  10.156  10.656  11.656  13.656  18.656
  28.656  48.656  98.656 198.656
   0.000   0.409   0.659   0.909   1.159   1.409   1.659   1.909   2.159   2.409   2.659   2.909   3.159   3.409   3.659
   3.909   4.159   4.409   4.659   4.909   5.159   5.409   5.659   5.909   6.159   6.409   6.659   6.909   7.159   7.409
   7.659   7.909   8.159   8.409   8.659   8.909   9.159   9.409   9.659   9.909  10.159  10.659  11.659  13.659  18.659
  28.659  48.659  98.659 198.659
   0.000   0.411   0.661   0.911   1.161   1.411   1.661   1.911   2.161   2.411   2.661   2.911   3.161   3.411   3.661
   3.911   4.161   4.411   4.661   4.911   5.161   5.411   5.661   5.911   6.161   6.411   6.661   6.911   7.161   7.411
   7.661   7.911   8.161   8.411   8.661   8.911   9.161   9.411   9.661   9.911  10.161  10.661  11.661  13.661  18.661
  28.661  48.661  98.661 198.661
   0.000   0.414   0.664   0.914   1.164   1.414   1.664   1.914   2.164   2.414   2.664   2.914   3.164   3.414   3.664
   3.914   4.164   4.414   4.664   4.914   5.164   5.414   5.664   5.914   6.164   6.414   6.664   6.914   7.164   7.414
   7.664   7.914   8.164   8.414   8.664   8.914   9.164   9.414   9.664   9.914  10.164  10.664  11.664  13.664  18.664
  28.664  48.664  98.664 198.664
   0.000   0.417   0.667   0.917   1.167   1.417   1.667   1.917   2.167   2.417   2.667   2.917   3.167   3.417   3.667
   3.917   4.167   4.417   4.667   4.917   5.167   5.417   5.667   5.917   6.167   6.417   6.667   6.917   7.167   7.417
   7.667   7.917   8.167   8.417   8.667   8.917   9.167   9.417   9.667   9.917  10.167  10.667  11.667  13.667  18.667
  28.667  48.667  98.667 198.667
   0.000   0.419   0.669   0.919   1.169   1.419   1.669   1.919   2.169   2.419   2.669   2.919   3.169   3.419   3.669
   3.919   4.169   4.419   4.669   4.919   5.169   5.419   5.669   5.919   6.169   6.419   6.669   6.919   7.169   7.419
   7.669   7.919   8.169   8.419   8.669   8.919   9.169   9.419   9.669   9.919  10.169  10.669  11.669  13.669  18.669
  28.669  48.669  98.669 198.669
   0.000   0.422   0.672   0.922   1.172   1.422   1.672   1.922   2.172   2.422   2.672   2.922   3.172   3.422   3.672
   3.922   4.172   4.422   4.672   4.922   5.172   5.422   5.672   5.922   6.172   6.422   6.672   6.922   7.172   7.422
   7.672   7.922   8.172   8.422   8.672   8.922   9.172   9.422   9.672   9.922  10.172  10.672  11.672  13.672  18.672
  28.672  48.672  98.672 198.672
   0.000   0.424   0.674   0.924   1.174   1.424   1.674   1.924   2.174   2.424   2.674   2.924   3.174   3.424   3.674
   3.924   4.174   4.424   4.674   4.924   5.174   5.424   5.674   5.924   6.174   6.424   6.674   6.924   7.174   7.424
   7.674   7.924   8.174   8.424   8.674   8.924   9.174   9.424   9.674   9.924  10.174  10.674  11.674  13.674  18.674
  28.674  48.674  98.674 198.674
   0.000   0.427   0.677   0.927   1.177   1.427   1.677   1.927   2.177   2.427   2.677   2.927   3.177   3.427   3.677
   3.927   4.177   4.427   4.677   4.927   5.177   5.427   5.677   5.927   6.177   6.427   6.677   6.927   7.177   7.427
   7.677   7.927   8.177   8.427   8.677   8.927   9.177   9.427   9.677   9.927  10.177  10.677  11.677  13.677  18.677
  28.677  48.677  98.677 198.677
   0.000   0.430   0.680   0.930   1.180   1.430   1.680   1.930   2.180   2.430   2.680   2.930   3.180   3.430   3.680
   3.930   4.180   4.430   4.680   4.930   5.180   5.430   5.680   5.930   6.180   6.430   6.680   6.930   7.180   7.430
   7.680   7.930   8.180   8.430   8.680   8.930   9.180   9.430   9.680   9.930  10.180  10.680  11.680  13.680  18.680
  28.680  48.680  98.680 198.680
   0.000   0.432   0.682   0.932   1.182   1.432   1.682   1.932   2.182   2.432   2.682   2.932   3.182   3.432   3.682
   3.932   4.182   4.432   4.682   4.932   5.182   5.432   5.682   5.932   6.182   6.432   6.682   6.932   7.182   7.432
   7.682   7.932   8.182   8.432   8.682   8.932   9.182   9.432   9.682   9.932  10.182  10.682  11.682  13.682  18.682
  28.682  48.682  98.682 198.682
   0.000   0.435   0.685   0.935   1.185   1.435   1.685   1.935   2.185   2.435   2.685   2.935   3.185   3.435   3.685
   3.935   4.185   4.435   4.685   4.935   5.185   5.435   5.685   5.935   6.185   6.435   6.685   6.935   7.185   7.435
   7.685   7.935   8.185   8.435   8.685   8.935   9.185   9.435   9.685   9.935  10.185  10.685  11.685  13.685  18.685
  28.685  48.685  98.685 198.685
   0.000   0.438   0.688   0.938   1.188   1.438   1.688   1.938   2.188   2.438   2.688   2.938   3.188   3.438   3.688
   3.938   4.188   4.438   4.688   4.938   5.188   5.438   5.688   5.938   6.188   6.438   6.688   6.938   7.188   7.438
   7.688   7.938   8.188   8.438   8.688   8.938   9.188   9.438   9.688   9.938  10.188  10.688  11.688  13.688  18.688
  28.688  48.688  98.688 198.688
   0.000   0.440   0.690   0.940   1.190   1.440   1.690   1.940   2.190   2.440   2.690   2.940   3.190   3.440   3.690
   3.940   4.190   4.440   4.690   4.940   5.190   5.440   5.690   5.940   6.190   6.440   6.690   6.940   7.190   7.440
   7.690   7.940   8.190   8.440   8.690   8.940   9.190   9.440   9.690   9.940  10.190  10.690  11.690  13.690  18.690
  28.690  48.690  98.690 198.690
   0.000   0.443   0.693   0.943   1.193   1.443   1.693   1.943   2.193   2.443   2.693   2.943   3.193   3.443   3.693
   3.943   4.193   4.443   4.693   4.943   5.193   5.443   5.693   5.943   6.193   6.443   6.693   6.943   7.193   7.443
   7.693   7.943   8.193   8.443   8.693   8.943   9.193   9.443   9.693   9.943  10.193  10.693  11.693  13.693  18.693
  28.693  48.693  98.693 198.693
   0.000   0.445   0.695   0.945   1.195   1.445   1.695   1.945   2.195   2.445   2.695   2.945   3.195   3.445   3.695
   3.945   4.195   4.445   4.695   4.945   5.195   5.445   5.695   5.945   6.195   6.445   6.695   6.945   7.195   7.445
   7.695   7.945   8.195   8.445   8.695   8.945   9.195   9.445   9.695   9.945  10.195  10.695  11.695  13.695  18.695
  28.695  48.695  98.695 198.695
   0.000   0.448   0.698   0.948   1.198   1.448   1.698   1.948   2.198   2.448   2.698   2.948   3.198   3.448   3.698
   3.948   4.198   4.448   4.698   4.948   5.198   5.448   5.698   5.948   6.198   6.448   6.698   6.948   7.198   7.448
   7.698   7.948   8.198   8.448   8.698   8.948   9.198   9.448   9.698   9.948  10.198  10.698  11.698  13.698  18.698
  28.698  48.698  98.698 198.698
   0.000   0.451   0.701   0.951   1.201   1.451   1.701   1.951   2.201   2.451   2.701   2.951   3.201   3.451   3.701
   3.951   4.201   4.451   4.701   4.951   5.201   5.451   5.701   5.951   6.201   6.451   6.701   6.951   7.201   7.451
   7.701   7.951   8.201   8.451   8.701   8.951   9.201   9.451   9.701   9.951  10.201  10.701  11.701  13.701  18.701
  28.701  48.701  98.701 198.701
   0.000   0.453   0.703   0.953   1.203   1.453   1.703   1.953   2.203   2.453   2.703   2.953   3.203   3.453   3.703
   3.953   4.203   4.453   4.703   4.953   5.203   5.453   5.703   5.953   6.203   6.453   6.703   6.953   7.203   7.453
   7.703   7.953   8.203   8.453   8.703   8.953   9.203   9.453   9.703   9.953  10.203  10.703  11.703  13.703  18.703
  28.703  48.703  98.703 198.703
   0.000   0.456   0.706   0.956   1.206   1.456   1.706   1.956   2.206   2.456   2.706   2.956   3.206   3.456   3.706
   3.956   4.206   4.456   4.706   4.956   5.206   5.456   5.706   5.956   6.206   6.456   6.706   6.956   7.206   7.456
   7.706   7.956   8.206   8.456   8.706   8.956   9.206   9.456   9.706   9.956  10.206  10.706  11.706  13.706  18.706
  28.706  48.706  98.706 198.706
   0.000   0.458   0.708   0.958   1.208   1.458   1.708   1.958   2.208   2.458   2.708   2.958   3.208   3.458   3.708
   3.958   4.208   4.458   4.708   4.958   5.208   5.458   5.708   5.958   6.208   6.458   6.708   6.958   7.208   7.458
   7.708   7.958   8.208   8.458   8.708   8.958   9.208   9.458   9.708   9.958  10.208  10.708  11.708  13.708  18.708
  28.708  48.708  98.708 198.708
   0.000   0.461   0.711   0.961   1.211   1.461   1.711   1.961   2.211   2.461   2.711   2.961   3.211   3.461   3.711
   3.961   4.211   4.461   4.711   4.961   5.211   5.461   5.711   5.961   6.211   6.461   6.711   6.961   7.211   7.461
   7.711   7.961   8.211   8.461   8.711   8.961   9.211   9.461   9.711   9.961  10.211  10.711  11.711  13.711  18.711
  28.711  48.711  98.711 198.711
   0.000   0.464   0.714   0.964   1.214   1.464   1.714   1.964   2.214   2.464   2.714   2.964   3.214   3.464   3.714
   3.964   4.214   4.464   4.714   4.964   5.214   5.464   5.714   5.964   6.214   6.464   6.714   6.964   7.214   7.464
   7.714   7.964   8.214   8.464   8.714   8.964   9.214   9.464   9.714   9.964  10.214  10.714  11.714  13.714  18.714
  28.714  48.714  98.714 198.714
   0.000   0.466   0.716   0.966   1.216   1.466   1.716   1.966   2.216   2.466   2.716   2.966   3.216   3.466   3.716
   3.966   4.216   4.466   4.716   4.966   5.216   5.466   5.716   5.966   6.216   6.466   6.716   6.966   7.216   7.466
   7.716   7.966   8.216   8.466   8.716   8.966   9.216   9.466   9.716   9.966  10.216  10.716  11.716  13.716  18.716
  28.716  48.716  98.716 198.716
   0.000   0.469   0.719   0.969   1.219   1.469   1.719   1.969   2.219   2.469   2.719   2.969   3.219   3.469   3.719
   3.969   4.219   4.469   4.719   4.969   5.219   5.469   5.719   5.969   6.219   6.469   6.719   6.969   7.219   7.469
   7.719   7.969   8.219   8.469   8.719   8.969   9.219   9.469   9.719   9.969  10.219  10.719  11.719  13.719  18.719
  28.719  48.719  98.719 198.719
   0.000   0.471   0.721   0.971   1.221   1.471   1.721   1.971   2.221   2.471   2.721   2.971   3.221   3.471   3.721
   3.971   4.221   4.471   4.721   4.971   5.221   5.471   5.721   5.971   6.221   6.471   6.721   6.971   7.221   7.471
   7.721   7.971   8.221   8.471   8.721   8.971   9.221   9.471   9.721   9.971  10.221  10.721  11.721  13.721  18.721
  28.721  48.721  98.721 198.721
   0.000   0.474   0.724   0.974   1.224   1.474   1.724   1.974   2.224   2.474   2.724   2.974   3.224   3.474   3.724
   3.974   4.224   4.474   4.724   4.974   5.224   5.474   5.724   5.974   6.224   6.474   6.724   6.974   7.224   7.474
   7.724   7.974   8.224   8.474   8.724   8.974   9.224   9.474   9.724   9.974  10.224  10.724  11.724  13.724  18.724
  28.724  48.724  98.724 198.724
   0.000   0.477   0.727   0.977   1.227   1.477   1.727   1.977   2.227   2.477   2.727   2.977   3.227   3.477   3.727
   3.977   4.227   4.477   4.727   4.977   5.227   5.477   5.727   5.977   6.227   6.477   6.727   6.977   7.227   7.477
   7.727   7.977   8.227   8.477   8.727   8.977   9.227   9.477   9.727   9.977  10.227  10.727  11.727  13.727  18.727
  28.727  48.727  98.727 198.727
   0.000   0.479   0.729   0.979   1.229   1.479   1.729   1.979   2.229   2.479   2.729   2.979   3.229   3.479   3.729
   3.979   4.229   4.479   4.729   4.979   5.229   5.479   5.729   5.979   6.229   6.479   6.729   6.979   7.229   7.479
   7.729   7.979   8.229   8.479   8.729   8.979   9.229   9.479   9.729   9.979  10.229  10.729  11.729  13.729  18.729
  28.729  48.729  98.729 198.729
   0.000   0.482   0.732   0.982   1.232   1.482   1.732   1.982   2.232   2.482   2.732   2.982   3.232   3.482   3.732
   3.982   4.232   4.482   4.732   4.982   5.232   5.482   5.732   5.982   6.232   6.482   6.732   6.982   7.232   7.482
   7.732   7.982   8.232   8.482   8.732   8.982   9.232   9.482   9.732   9.982  10.232  10.732  11.732  13.732  18.732
  28.732  48.732  98.732 198.732
   0.000   0.484   0.734   0.984   1.234   1.484   1.734   1.984   2.234   2.484   2.734   2.984   3.234   3.484   3.734
   3.984   4.234   4.484   4.734   4.984   5.234   5.484   5.734   5.984   6.234   6.484   6.734   6.984   7.234   7.484
   7.734   7.984   8.234   8.484   8.734   8.984   9.234   9.484   9.734   9.984  10.234  10.734  11.734  13.734  18.734
  28.734  48.734  98.734 198.734
   0.000   0.487   0.737   0.987   1.237   1.487   1.737   1.987   2.237   2.487   2.737   2.987   3.237   3.487   3.737
   3.987   4.237   4.487   4.737   4.987   5.237   5.487   5.737   5.987   6.237   6.487   6.737   6.987   7.237   7.487
   7.737   7.987   8.237   8.487   8.737   8.987   9.237   9.487   9.737   9.987  10.237  10.737  11.737  13.737  18.737
  28.737  48.737  98.737 198.737
   0.000   0.490   0.740   0.990   1.240   1.490   1.740   1.990   2.240   2.490   2.740   2.990   3.240   3.490   3.740
   3.990   4.240   4.490   4.740   4.990   5.240   5.490   5.740   5.990   6.240   6.490   6.740   6.990   7.240   7.490
   7.740   7.990   8.240   8.490   8.740   8.990   9.240   9.490   9.740   9.990  10.240  10.740  11.740  13.740  18.740
  28.740  48.740  98.740 198.740
   0.000   0.492   0.742   0.992   1.242   1.492   1.742   1.992   2.242   2.492   2.742   2.992   3.242   3.492   3.742
   3.992   4.242   4.492   4.742   4.992   5.242   5.492   5.742   5.992   6.242   6.492   6.742   6.992   7.242   7.492
   7.742   7.992   8.242   8.492   8.742   8.992   9.242   9.492   9.742   9.992  10.242  10.742  11.742  13.742  18.742
  28.742  48.742  98.742 198.742
   0.000   0.495   0.745   0.995   1.245   1.495   1.745   1.995   2.245   2.495   2.745   2.995   3.245   3.495   3.745
   3.995   4.245   4.495   4.745   4.995   5.245   5.495   5.745   5.995   6.245   6.495   6.745   6.995   7.245   7.495
   7.745   7.995   8.245   8.495   8.745   8.995   9.245   9.495   9.745   9.995  10.245  10.745  11.745  13.745  18.745
  28.745  48.745  98.745 198.745
   0.000   0.497   0.747   0.997   1.247   1.497   1.747   1.997   2.247   2.497   2.747   2.997   3.247   3.497   3.747
   3.997   4.247   4.497   4.747   4.997   5.247   5.497   5.747   5.997   6.247   6.497   6.747   6.997   7.247   7.497
   7.747   7.997   8.247   8.497   8.747   8.997   9.247   9.497   9.747   9.997  10.247  10.747  11.747  13.747  18.747
  28.747  48.747  98.747 198.747
   0.000   0.500   0.750   1.000   1.250   1.500   1.750   2.000   2.250   2.500   2.750   3.000   3.250   3.500   3.750
   4.000   4.250   4.500   4.750   5.000   5.250   5.500   5.750   6.000   6.250   6.500   6.750   7.000   7.250   7.500
   7.750   8.000   8.250   8.500   8.750   9.000   9.250   9.500   9.750  10.000  10.250  10.750  11.750  13.750  18.750
  28.750  48.750  98.750 198.750
   0.000   0.503   0.753   1.003   1.253   1.503   1.753   2.003   2.253   2.503   2.753   3.003   3.253   3.503   3.753
   4.003   4.253   4.503   4.753   5.003   5.253   5.503   5.753   6.003   6.253   6.503   6.753   7.003   7.253   7.503
   7.753   8.003   8.253   8.503   8.753   9.003   9.253   9.503   9.753  10.003  10.253  10.753  11.753  13.753  18.753
  28.753  48.753  98.753 198.753
   0.000   0.505   0.755   1.005   1.255   1.505   1.755   2.005   2.255   2.505   2.755   3.005   3.255   3.505   3.755
   4.005   4.255   4.505   4.755   5.005   5.255   5.505   5.755   6.005   6.255   6.505   6.755   7.005   7.255   7.505
   7.755   8.005   8.255   8.505   8.755   9.005   9.255   9.505   9.755  10.005  10.255  10.755  11.755  13.755  18.755
  28.755  48.755  98.755 198.755
   0.000   0.508   0.758   1.008   1.258   1.508   1.758   2.008   2.258   2.508   2.758   3.008   3.258   3.508   3.758
   4.008   4.258   4.508   4.758   5.008   5.258   5.508   5.758   6.008   6.258   6.508   6.758   7.008   7.258   7.508
   7.758   8.008   8.258   8.508   8.758   9.008   9.258   9.508   9.758  10.008  10.258  10.758  11.758  13.758  18.758
  28.758  48.758  98.758 198.758
   0.000   0.510   0.760   1.010   1.260   1.510   1.760   2.010   2.260   2.510   2.760   3.010   3.260   3.510   3.760
   4.010   4.260   4.510   4.760   5.010   5.260   5.510   5.760   6.010   6.260   6.510   6.760   7.010   7.260   7.510
   7.760   8.010   8.260   8.510   8.760   9.010   9.260   9.510   9.760  10.010  10.260  10.760  11.760  13.760  18.760
  28.760  48.760  98.760 198.760
   0.000   0.513   0.763   1.013   1.263   1.513   1.763   2.013   2.263   2.513   2.763   3.013   3.263   3.513   3.763
   4.013   4.263   4.513   4.763   5.013   5.263   5.513   5.763   6.013   6.263   6.513   6.763   7.013   7.263   7.513
   7.763   8.013   8.263   8.513   8.763   9.013   9.263   9.513   9.763  10.013  10.263  10.763  11.763  13.763  18.763
  28.763  48.763  98.763 198.763
   0.000   0.516   0.766   1.016   1.266   1.516   1.766   2.016   2.266   2.516   2.766   3.016   3.266   3.516   3.766
   4.016   4.266   4.516   4.766   5.016   5.266   5.516   5.766   6.016   6.266   6.516   6.766   7.016   7.266   7.516
   7.766   8.016   8.266   8.516   8.766   9.016   9.266   9.516   9.766  10.016  10.266  10.766  11.766  13.766  18.766
  28.766  48.766  98.766 198.766
   0.000   0.518   0.768   1.018   1.268   1.518   1.768   2.018   2.268   2.518   2.768   3.018   3.268   3.518   3.768
   4.018   4.268   4.518   4.768   5.018   5.268   5.518   5.768   6.018   6.268   6.518   6.768   7.018   7.268   7.518
   7.768   8.018   8.268   8.518   8.768   9.018   9.268   9.518   9.768  10.018  10.268  10.768  11.768  13.768  18.768
  28.768  48.768  98.768 198.768
   0.000   0.521   0.771   1.021   1.271   1.521   1.771   2.021   2.271   2.521   2.771   3.021   3.271   3.521   3.771
   4.021   4.271   4.521   4.771   5.021   5.271   5.521   5.771   6.021   6.271   6.521   6.771   7.021   7.271   7.521
   7.771   8.021   8.271   8.521   8.771   9.021   9.271   9.521   9.771  10.021  10.271  10.771  11.771  13.771  18.771
  28.771  48.771  98.771 198.771
   0.000   0.523   0.773   1.023   1.273   1.523   1.773   2.023   2.273   2.523   2.773   3.023   3.273   3.523   3.773
   4.023   4.273   4.523   4.773   5.023   5.273   5.523   5.773   6.023   6.273   6.523   6.773   7.023   7.273   7.523
   7.773   8.023   8.273   8.523   8.773   9.023   9.273   9.523   9.773  10.023  10.273  10.773  11.773  13.773  18.773
  28.773  48.773  98.773 198.773
   0.000   0.526   0.776   1.026   1.276   1.526   1.776   2.026   2.276   2.526   2.776   3.026   3.276   3.526   3.776
   4.026   4.276   4.526   4.776   5.026   5.276   5.526   5.776   6.026   6.276   6.526   6.776   7.026   7.276   7.526
   7.776   8.026   8.276   8.526   8.776   9.026   9.276   9.526   9.776  10.026  10.276  10.776  11.776  13.776  18.776
  28.776  48.776  98.776 198.776
   0.000   0.529   0.779   1.029   1.279   1.529   1.779   2.029   2.279   2.529   2.779   3.029   3.279   3.529   3.779
   4.029   4.279   4.529   4.779   5.029   5.279   5.529   5.779   6.029   6.279   6.529   6.779   7.029   7.279   7.529
   7.779   8.029   8.279   8.529   8.779   9.029   9.279   9.529   9.779  10.029  10.279  10.779  11.779  13.779  18.779
  28.779  48.779  98.779 198.779
   0.000   0.531   0.781   1.031   1.281   1.531   1.781   2.031   2.281   2.531   2.781   3.031   3.281   3.531   3.781
   4.031   4.281   4.531   4.781   5.031   5.281   5.531   5.781   6.031   6.281   6.531   6.781   7.031   7.281   7.531
   7.781   8.031   8.281   8.531   8.781   9.031   9.281   9.531   9.781  10.031  10.281  10.781  11.781  13.781  18.781
  28.781  48.781  98.781 198.781
   0.000   0.534   0.784   1.034   1.284   1.534   1.784   2.034   2.284   2.534   2.784   3.034   3.284   3.534   3.784
   4.034   4.284   4.534   4.784   5.034   5.284   5.534   5.784   6.034   6.284   6.534   6.784   7.034   7.284   7.534
   7.784   8.034   8.284   8.534   8.784   9.034   9.284   9.534   9.784  10.034  10.284  10.784  11.784  13.784  18.784
  28.784  48.784  98.784 198.784
   0.000   0.536   0.786   1.036   1.286   1.536   1.786   2.036   2.286   2.536   2.786   3.036   3.286   3.536   3.786
   4.036   4.286   4.536   4.786   5.036   5.286   5.536   5.786   6.036   6.286   6.536   6.786   7.036   7.286   7.536
   7.786   8.036   8.286   8.536   8.786   9.036   9.286   9.536   9.786  10.036  10.286  10.786  11.786  13.786  18.786
  28.786  48.786  98.786 198.786
   0.000   0.539   0.789   1.039   1.289   1.539   1.789   2.039   2.289   2.539   2.789   3.039   3.289   3.539   3.789
   4.039   4.289   4.539   4.789   5.039   5.289   5.539   5.789   6.039   6.289   6.539   6.789   7.039   7.289   7.539
   7.789   8.039   8.289   8.539   8.789   9.039   9.289   9.539   9.789  10.039  10.289  10.789  11.789  13.789  18.789
  28.789  48.789  98.789 198.789
   0.000   0.542   0.792   1.042   1.292   1.542   1.792   2.042   2.292   2.542   2.792   3.042   3.292   3.542   3.792
   4.042   4.292   4.542   4.792   5.042   5.292   5.542   5.792   6.042   6.292   6.542   6.792   7.042   7.292   7.542
   7.792   8.042   8.292   8.542   8.792   9.042   9.292   9.542   9.792  10.042  10.292  10.792  11.792  13.792  18.792
  28.792  48.792  98.792 198.792
   0.000   0.544   0.794   1.044   1.294   1.544   1.794   2.044   2.294   2.544   2.794   3.044   3.294   3.544   3.794
   4.044   4.294   4.544   4.794   5.044   5.294   5.544   5.794   6.044   6.294   6.544   6.794   7.044   7.294   7.544
   7.794   8.044   8.294   8.544   8.794   9.044   9.294   9.544   9.794  10.044  10.294  10.794  11.794  13.794  18.794
  28.794  48.794  98.794 198.794
   0.000   0.547   0.797   1.047   1.297   1.547   1.797   2.047   2.297   2.547   2.797   3.047   3.297   3.547   3.797
   4.047   4.297   4.547   4.797   5.047   5.297   5.547   5.797   6.047   6.297   6.547   6.797   7.047   7.297   7.547
   7.797   8.047   8.297   8.547   8.797   9.047   9.297   9.547   9.797  10.047  10.297  10.797  11.797  13.797  18.797
  28.797  48.797  98.797 198.797
   0.000   0.549   0.799   1.049   1.299   1.549   1.799   2.049   2.299   2.549   2.799   3.049   3.299   3.549   3.799
   4.049   4.299   4.549   4.799   5.049   5.299   5.549   5.799   6.049   6.299   6.549   6.799   7.049   7.299   7.549
   7.799   8.049   8.299   8.549   8.799   9.049   9.299   9.549   9.799  10.049  10.299  10.799  11.799  13.799  18.799
  28.799  48.799  98.799 198.799
   0.000   0.552   0.802   1.052   1.302   1.552   1.802   2.052   2.302   2.552   2.802   3.052   3.302   3.552   3.802
   4.052   4.302   4.552   4.802   5.052   5.302   5.552   5.802   6.052   6.302   6.552   6.802   7.052   7.302   7.552
   7.802   8.052   8.302   8.552   8.802   9.052   9.302   9.552   9.802  10.052  10.302  10.802  11.802  13.802  18.802
  28.802  48.802  98.802 198.802
   0.000   0.555   0.805   1.055   1.305   1.555   1.805   2.055   2.305   2.555   2.805   3.055   3.305   3.555   3.805
   4.055   4.305   4.555   4.805   5.055   5.305   5.555   5.805   6.055   6.305   6.555   6.805   7.055   7.305   7.555
   7.805   8.055   8.305   8.555   8.805   9.055   9.305   9.555   9.805  10.055  10.305  10.805  11.805  13.805  18.805
  28.805  48.805  98.805 198.805
   0.000   0.557   0.807   1.057   1.307   1.557   1.807   2.057   2.307   2.557   2.807   3.057   3.307   3.557   3.807
   4.057   4.307   4.557   4.807   5.057   5.307   5.557   5.807   6.057   6.307   6.557   6.807   7.057   7.307   7.557
   7.807   8.057   8.307   8.557   8.807   9.057   9.307   9.557   9.807  10.057  10.307  10.807  11.807  13.807  18.807
  28.807  48.807  98.807 198.807
   0.000   0.560   0.810   1.060   1.310   1.560   1.810   2.060   2.310   2.560   2.810   3.060   3.310   3.560   3.810
   4.060   4.310   4.560   4.810   5.060   5.310   5.560   5.810   6.060   6.310   6.560   6.810   7.060   7.310   7.560
   7.810   8.060   8.310   8.560   8.810   9.060   9.310   9.560   9.810  10.060  10.310  10.810  11.810  13.810  18.810
  28.810  48.810  98.810 198.810
   0.000   0.562   0.812   1.062   1.312   1.562   1.812   2.062   2.312   2.562   2.812   3.062   3.312   3.562   3.812
   4.062   4.312   4.562   4.812   5.062   5.312   5.562   5.812   6.062   6.312   6.562   6.812   7.062   7.312   7.562
   7.812   8.062   8.312   8.562   8.812   9.062   9.312   9.562   9.812  10.062  10.312  10.812  11.812  13.812  18.812
  28.812  48.812  98.812 198.812
   0.000   0.565   0.815   1.065   1.315   1.565   1.815   2.065   2.315   2.565   2.815   3.065   3.315   3.565   3.815
   4.065   4.315   4.565   4.815   5.065   5.315   5.565   5.815   6.065   6.315   6.565   6.815   7.065   7.315   7.565
   7.815   8.065   8.315   8.565   8.815   9.065   9.315   9.565   9.815  10.065  10.315  10.815  11.815  13.815  18.815
  28.815  48.815  98.815 198.815
   0.000   0.568   0.818   1.068   1.318   1.568   1.818   2.068   2.318   2.568   2.818   3.068   3.318   3.568   3.818
   4.068   4.318   4.568   4.818   5.068   5.318   5.568   5.818   6.068   6.318   6.568   6.818   7.068   7.318   7.568
   7.818   8.068   8.318   8.568   8.818   9.068   9.318   9.568   9.818  10.068  10.318  10.818  11.818  13.818  18.818
  28.818  48.818  98.818 198.818
   0.000   0.570   0.820   1.070   1.320   1.570   1.820   2.070   2.320   2.570   2.820   3.070   3.320   3.570   3.820
   4.070   4.320   4.570   4.820   5.070   5.320   5.570   5.820   6.070   6.320   6.570   6.820   7.070   7.320   7.570
   7.820   8.070   8.320   8.570   8.820   9.070   9.320   9.570   9.820  10.070  10.320  10.820  11.820  13.820  18.820
  28.820  48.820  98.820 198.820
   0.000   0.573   0.823   1.073   1.323   1.573   1.823   2.073   2.323   2.573   2.823   3.073   3.323   3.573   3.823
   4.073   4.323   4.573   4.823   5.073   5.323   5.573   5.823   6.073   6.323   6.573   6.823   7.073   7.323   7.573
   7.823   8.073   8.323   8.573   8.823   9.073   9.323   9.573   9.823  10.073  10.323  10.823  11.823  13.823  18.823
  28.823  48.823  98.823 198.823
   0.000   0.576   0.826   1.076   1.326   1.576   1.826   2.076   2.326   2.576   2.826   3.076   3.326   3.576   3.826
   4.076   4.326   4.576   4.826   5.076   5.326   5.576   5.826   6.076   6.326   6.576   6.826   7.076   7.326   7.576
   7.826   8.076   8.326   8.576   8.826   9.076   9.326   9.576   9.826  10.076  10.326  10.826  11.826  13.826  18.826
  28.826  48.826  98.826 198.826
   0.000   0.578   0.828   1.078   1.328   1.578   1.828   2.078   2.328   2.578   2.828   3.078   3.328   3.578   3.828
   4.078   4.328   4.578   4.828   5.078   5.328   5.578   5.828   6.078   6.328   6.578   6.828   7.078   7.328   7.578
   7.828   8.078   8.328   8.578   8.828   9.078   9.328   9.578   9.828  10.078  10.328  10.828  11.828  13.828  18.828
  28.828  48.828  98.828 198.828
   0.000   0.581   0.831   1.081   1.331   1.581   1.831   2.081   2.331   2.581   2.831   3.081   3.331   3.581   3.831
   4.081   4.331   4.581   4.831   5.081   5.331   5.581   5.831   6.081   6.331   6.581   6.831   7.081   7.331   7.581
   7.831   8.081   8.331   8.581   8.831   9.081   9.331   9.581   9.831  10.081  10.331  10.831  11.831  13.831  18.831
  28.831  48.831  98.831 198.831
   0.000   0.583   0.833   1.083   1.333   1.583   1.833   2.083   2.333   2.583   2.833   3.083   3.333   3.583   3.833
   4.083   4.333   4.583   4.833   5.083   5.333   5.583   5.833   6.083   6.333   6.583   6.833   7.083   7.333   7.583
   7.833   8.083   8.333   8.583   8.833   9.083   9.333   9.583   9.833  10.083  10.333  10.833  11.833  13.833  18.833
  28.833  48.833  98.833 198.833
   0.000   0.586   0.836   1.086   1.336   1.586   1.836   2.086   2.336   2.586   2.836   3.086   3.336   3.586   3.836
   4.086   4.336   4.586   4.836   5.086   5.336   5.586   5.836   6.086   6.336   6.586   6.836   7.086   7.336   7.586
   7.836   8.086   8.336   8.586   8.836   9.086   9.336   9.586   9.836  10.086  10.336  10.836  11.836  13.836  18.836
  28.836  48.836  98.836 198.836
   0.000   0.589   0.839   1.089   1.339   1.589   1.839   2.089   2.339   2.589   2.839   3.089   3.339   3.589   3.839
   4.089   4.339   4.589   4.839   5.089   5.339   5.589   5.839   6.089   6.339   6.589   6.839   7.089   7.339   7.589
   7.839   8.089   8.339   8.589   8.839   9.089   9.339   9.589   9.839  10.089  10.339  10.839  11.839  13.839  18.839
  28.839  48.839  98.839 198.839
   0.000   0.591   0.841   1.091   1.341   1.591   1.841   2.091   2.341   2.591   2.841   3.091   3.341   3.591   3.841
   4.091   4.341   4.591   4.841   5.091   5.341   5.591   5.841   6.091   6.341   6.591   6.841   7.091   7.341   7.591
   7.841   8.091   8.341   8.591   8.841   9.091   9.341   9.591   9.841  10.091  10.341  10.841  11.841  13.841  18.841
  28.841  48.841  98.841 198.841
   0.000   0.594   0.844   1.094   1.344   1.594   1.844   2.094   2.344   2.594   2.844   3.094   3.344   3.594   3.844
   4.094   4.344   4.594   4.844   5.094   5.344   5.594   5.844   6.094   6.344   6.594   6.844   7.094   7.344   7.594
   7.844   8.094   8.344   8.594   8.844   9.094   9.344   9.594   9.844  10.094  10.344  10.844  11.844  13.844  18.844
  28.844  48.844  98.844 198.844
   0.000   0.596   0.846   1.096   1.346   1.596   1.846   2.096   2.346   2.596   2.846   3.096   3.346   3.596   3.846
   4.096   4.346   4.596   4.846   5.096   5.346   5.596   5.846   6.096   6.346   6.596   6.846   7.096   7.346   7.596
   7.846   8.096   8.346   8.596   8.846   9.096   9.346   9.596   9.846  10.096  10.346  10.846  11.846  13.846  18.846
  28.846  48.846  98.846 198.846
   0.000   0.599   0.849   1.099   1.349   1.599   1.849   2.099   2.349   2.599   2.849   3.099   3.349   3.599   3.849
   4.099   4.349   4.599   4.849   5.099   5.349   5.599   5.849   6.099   6.349   6.599   6.849   7.099   7.349   7.599
   7.849   8.099   8.349   8.599   8.849   9.099   9.349   9.599   9.849  10.099  10.349  10.849  11.849  13.849  18.849
  28.849  48.849  98.849 198.849
   0.000   0.602   0.852   1.102   1.352   1.602   1.852   2.102   2.352   2.602   2.852   3.102   3.352   3.602   3.852
   4.102   4.352   4.602   4.852   5.102   5.352   5.602   5.852   6.102   6.352   6.602   6.852   7.102   7.352   7.602
   7.852   8.102   8.352   8.602   8.852   9.102   9.352   9.602   9.852  10.102  10.352  10.852  11.852  13.852  18.852
  28.852  48.852  98.852 198.852
   0.000   0.604   0.854   1.104   1.354   1.604   1.854   2.104   2.354   2.604   2.854   3.104   3.354   3.604   3.854
   4.104   4.354   4.604   4.854   5.104   5.354   5.604   5.854   6.104   6.354   6.604   6.854   7.104   7.354   7.604
   7.854   8.104   8.354   8.604   8.854   9.104   9.354   9.604   9.854  10.104  10.354  10.854  11.854  13.854  18.854
  28.854  48.854  98.854 198.854
   0.000   0.607   0.857   1.107   1.357   1.607   1.857   2.107   2.357   2.607   2.857   3.107   3.357   3.607   3.857
   4.107   4.357   4.607   4.857   5.107   5.357   5.607   5.857   6.107   6.357   6.607   6.857   7.107   7.357   7.607
   7.857   8.107   8.357   8.607   8.857   9.107   9.357   9.607   9.857  10.107  10.357  10.857  11.857  13.857  18.857
  28.857  48.857  98.857 198.857
   0.000   0.609   0.859   1.109   1.359   1.609   1.859   2.109   2.359   2.609   2.859   3.109   3.359   3.609   3.859
   4.109   4.359   4.609   4.859   5.109   5.359   5.609   5.859   6.109   6.359   6.609   6.859   7.109   7.359   7.609
   7.859   8.109   8.359   8.609   8.859   9.109   9.359   9.609   9.859  10.109  10.359  10.859  11.859  13.859  18.859
  28.859  48.859  98.859 198.859
   0.000   0.612   0.862   1.112   1.362   1.612   1.862   2.112   2.362   2.612   2.862   3.112   3.362   3.612   3.862
   4.112   4.362   4.612   4.862   5.112   5.362   5.612   5.862   6.112   6.362   6.612   6.862   7.112   7.362   7.612
   7.862   8.112   8.362   8.612   8.862   9.112   9.362   9.612   9.862  10.112  10.362  10.862  11.862  13.862  18.862
  28.862  48.862  98.862 198.862
   0.000   0.615   0.865   1.115   1.365   1.615   1.865   2.115   2.365   2.615   2.865   3.115   3.365   3.615   3.865
   4.115   4.365   4.615   4.865   5.115   5.365   5.615   5.865   6.115   6.365   6.615   6.865   7.115   7.365   7.615
   7.865   8.115   8.365   8.615   8.865   9.115   9.365   9.615   9.865  10.115  10.365  10.865  11.865  13.865  18.865
  28.865  48.865  98.865 198.865
   0.000   0.617   0.867   1.117   1.367   1.617   1.867   2.117   2.367   2.617   2.867   3.117   3.367   3.617   3.867
   4.117   4.367   4.617   4.867   5.117   5.367   5.617   5.867   6.117   6.367   6.617   6.867   7.117   7.367   7.617
   7.867   8.117   8.367   8.617   8.867   9.117   9.367   9.617   9.867  10.117  10.367  10.867  11.867  13.867  18.867
  28.867  48.867  98.867 198.867
   0.000   0.620   0.870   1.120   1.370   1.620   1.870   2.120   2.370   2.620   2.870   3.120   3.370   3.620   3.870
   4.120   4.370   4.620   4.870   5.120   5.370   5.620   5.870   6.120   6.370   6.620   6.870   7.120   7.370   7.620
   7.870   8.120   8.370   8.620   8.870   9.120   9.370   9.620   9.870  10.120  10.370  10.870  11.870  13.870  18.870
  28.870  48.870  98.870 198.870
   0.000   0.622   0.872   1.122   1.372   1.622   1.872   2.122   2.372   2.622   2.872   3.122   3.372   3.622   3.872
   4.122   4.372   4.622   4.872   5.122   5.372   5.622   5.872   6.122   6.372   6.622   6.872   7.122   7.372   7.622
   7.872   8.122   8.372   8.622   8.872   9.122   9.372   9.622   9.872  10.122  10.372  10.872  11.872  13.872  18.872
  28.872  48.872  98.872 198.872
   0.000   0.625   0.875   1.125   1.375   1.625   1.875   2.125   2.375   2.625   2.875   3.125   3.375   3.625   3.875
   4.125   4.375   4.625   4.875   5.125   5.375   5.625   5.875   6.125   6.375   6.625   6.875   7.125   7.375   7.625
   7.875   8.125   8.375   8.625   8.875   9.125   9.375   9.625   9.875  10.125  10.375  10.875  11.875  13.875  18.875
  28.875  48.875  98.875 198.875
   0.000   0.628   0.878   1.128   1.378   1.628   1.878   2.128   2.378   2.628   2.878   3.128   3.378   3.628   3.878
   4.128   4.378   4.628   4.878   5.128   5.378   5.628   5.878   6.128   6.378   6.628   6.878   7.128   7.378   7.628
   7.878   8.128   8.378   8.628   8.878   9.128   9.378   9.628   9.878  10.128  10.378  10.878  11.878  13.878  18.878
  28.878  48.878  98.878 198.878
   0.000   0.630   0.880   1.130   1.380   1.630   1.880   2.130   2.380   2.630   2.880   3.130   3.380   3.630   3.880
   4.130   4.380   4.630   4.880   5.130   5.380   5.630   5.880   6.130   6.380   6.630   6.880   7.130   7.380   7.630
   7.880   8.130   8.380   8.630   8.880   9.130   9.380   9.630   9.880  10.130  10.380  10.880  11.880  13.880  18.880
  28.880  48.880  98.880 198.880
   0.000   0.633   0.883   1.133   1.383   1.633   1.883   2.133   2.383   2.633   2.883   3.133   3.383   3.633   3.883
   4.133   4.383   4.633   4.883   5.133   5.383   5.633   5.883   6.133   6.383   6.633   6.883   7.133   7.383   7.633
   7.883   8.133   8.383   8.633   8.883   9.133   9.383   9.633   9.883  10.133  10.383  10.883  11.883  13.883  18.883
  28.883  48.883  98.883 198.883
   0.000   0.635   0.885   1.135   1.385   1.635   1.885   2.135   2.385   2.635   2.885   3.135   3.385   3.635   3.885
   4.135   4.385   4.635   4.885   5.135   5.385   5.635   5.885   6.135   6.385   6.635   6.885   7.135   7.385   7.635
   7.885   8.135   8.385   8.635   8.885   9.135   9.385   9.635   9.885  10.135  10.385  10.885  11.885  13.885  18.885
  28.885  48.885  98.885 198.885
   0.000   0.638   0.888   1.138   1.388   1.638   1.888   2.138   2.388   2.638   2.888   3.138   3.388   3.638   3.888
   4.138   4.388   4.638   4.888   5.138   5.388   5.638   5.888   6.138   6.388   6.638   6.888   7.138   7.388   7.638
   7.888   8.138   8.388   8.638   8.888   9.138   9.388   9.638   9.888  10.138  10.388  10.888  11.888  13.888  18.888
  28.888  48.888  98.888 198.888
   0.000   0.641   0.891   1.141   1.391   1.641   1.891   2.141   2.391   2.641   2.891   3.141   3.391   3.641   3.891
   4.141   4.391   4.641   4.891   5.141   5.391   5.641   5.891   6.141   6.391   6.641   6.891   7.141   7.391   7.641
   7.891   8.141   8.391   8.641   8.891   9.141   9.391   9.641   9.891  10.141  10.391  10.891  11.891  13.891  18.891
  28.891  48.891  98.891 198.891
   0.000   0.643   0.893   1.143   1.393   1.643   1.893   2.143   2.393   2.643   2.893   3.143   3.393   3.643   3.893
   4.143   4.393   4.643   4.893   5.143   5.393   5.643   5.893   6.143   6.393   6.643   6.893   7.143   7.393   7.643
   7.893   8.143   8.393   8.643   8.893   9.143   9.393   9.643   9.893  10.143  10.393  10.893  11.893  13.893  18.893
  28.893  48.893  98.893 198.893
   0.000   0.646   0.896   1.146   1.396   1.646   1.896   2.146   2.396   2.646   2.896   3.146   3.396   3.646   3.896
   4.146   4.396   4.646   4.896   5.146   5.396   5.646   5.896   6.146   6.396   6.646   6.896   7.146   7.396   7.646
   7.896   8.146   8.396   8.646   8.896   9.146   9.396   9.646   9.896  10.146  10.396  10.896  11.896  13.896  18.896
  28.896  48.896  98.896 198.896
   0.000   0.648   0.898   1.148   1.398   1.648   1.898   2.148   2.398   2.648   2.898   3.148   3.398   3.648   3.898
   4.148   4.398   4.648   4.898   5.148   5.398   5.648   5.898   6.148   6.398   6.648   6.898   7.148   7.398   7.648
   7.898   8.148   8.398   8.648   8.898   9.148   9.398   9.648   9.898  10.148  10.398  10.898  11.898  13.898  18.898
  28.898  48.898  98.898 198.898
   0.000   0.651   0.901   1.151   1.401   1.651   1.901   2.151   2.401   2.651   2.901   3.151   3.401   3.651   3.901
   4.151   4.401   4.651   4.901   5.151   5.401   5.651   5.901   6.151   6.401   6.651   6.901   7.151   7.401   7.651
   7.901   8.151   8.401   8.651   8.901   9.151   9.401   9.651   9.901  10.151  10.401  10.901  11.901  13.901  18.901
  28.901  48.901  98.901 198.901
   0.000   0.654   0.904   1.154   1.404   1.654   1.904   2.154   2.404   2.654   2.904   3.154   3.404   3.654   3.904
   4.154   4.404   4.654   4.904   5.154   5.404   5.654   5.904   6.154   6.404   6.654   6.904   7.154   7.404   7.654
   7.904   8.154   8.404   8.654   8.904   9.154   9.404   9.654   9.904  10.154  10.404  10.904  11.904  13.904  18.904
  28.904  48.904  98.904 198.904
   0.000   0.656   0.906   1.156   1.406   1.656   1.906   2.156   2.406   2.656   2.906   3.156   3.406   3.656   3.906
   4.156   4.406   4.656   4.906   5.156   5.406   5.656   5.906   6.156   6.406   6.656   6.906   7.156   7.406   7.656
   7.906   8.156   8.406   8.656   8.906   9.156   9.406   9.656   9.906  10.156  10.406  10.906  11.906  13.906  18.906
  28.906  48.906  98.906 198.906
   0.000   0.659   0.909   1.159   1.409   1.659   1.909   2.159   2.409   2.659   2.909   3.159   3.409   3.659   3.909
   4.159   4.409   4.659   4.909   5.159   5.409   5.659   5.909   6.159   6.409   6.659   6.909   7.159   7.409   7.659
   7.909   8.159   8.409   8.659   8.909   9.159   9.409   9.659   9.909  10.159  10.409  10.909  11.909  13.909  18.909
  28.909  48.909  98.909 198.909
   0.000   0.661   0.911   1.161   1.411   1.661   1.911   2.161   2.411   2.661   2.911   3.161   3.411   3.661   3.911
   4.161   4.411   4.661   4.911   5.161   5.411   5.661   5.911   6.161   6.411   6.661   6.911   7.161   7.411   7.661
   7.911   8.161   8.411   8.661   8.911   9.161   9.411   9.661   9.911  10.161  10.411  10.911  11.911  13.911  18.911
  28.911  48.911  98.911 198.911
   0.000   0.664   0.914   1.164   1.414   1.664   1.914   2.164   2.414   2.664   2.914   3.164   3.414   3.664   3.914
   4.164   4.414   4.664   4.914   5.164   5.414   5.664   5.914   6.164   6.414   6.664   6.914   7.164   7.414   7.664
   7.914   8.164   8.414   8.664   8.914   9.164   9.414   9.664   9.914  10.164  10.414  10.914  11.914  13.914  18.914
  28.914  48.914  98.914 198.914
   0.000   0.667   0.917   1.167   1.417   1.667   1.917   2.167   2.417   2.667   2.917   3.167   3.417   3.667   3.917
   4.167   4.417   4.667   4.917   5.167   5.417   5.667   5.917   6.167   6.417   6.667   6.917   7.167   7.417   7.667
   7.917   8.167   8.417   8.667   8.917   9.167   9.417   9.667   9.917  10.167  10.417  10.917  11.917  13.917  18.917
  28.917  48.917  98.917 198.917
   0.000   0.669   0.919   1.169   1.419   1.669   1.919   2.169   2.419   2.669   2.919   3.169   3.419   3.669   3.919
   4.169   4.419   4.669   4.919   5.169   5.419   5.669   5.919   6.169   6.419   6.669   6.919   7.169   7.419   7.669
   7.919   8.169   8.419   8.669   8.919   9.169   9.419   9.669   9.919  10.169  10.419  10.919  11.919  13.919  18.919
  28.919  48.919  98.919 198.919
   0.000   0.672   0.922   1.172   1.422   1.672   1.922   2.172   2.422   2.672   2.922   3.172   3.422   3.672   3.922
   4.172   4.422   4.672   4.922   5.172   5.422   5.672   5.922   6.172   6.422   6.672   6.922   7.172   7.422   7.672
   7.922   8.172   8.422   8.672   8.922   9.172   9.422   9.672   9.922  10.172  10.422  10.922  11.922  13.922  18.922
  28.922  48.922  98.922 198.922
   0.000   0.674   0.924   1.174   1.424   1.674   1.924   2.174   2.424   2.674   2.924   3.174   3.424   3.674   3.924
   4.174   4.424   4.674   4.924   5.174   5.424   5.674   5.924   6.174   6.424   6.674   6.924   7.174   7.424   7.674
   7.924   8.174   8.424   8.674   8.924   9.174   9.424   9.674   9.924  10.174  10.424  10.924  11.924  13.924  18.924
  28.924  48.924  98.924 198.924
   0.000   0.677   0.927   1.177   1.427   1.677   1.927   2.177   2.427   2.677   2.927   3.177   3.427   3.677   3.927
   4.177   4.427   4.677   4.927   5.177   5.427   5.677   5.927   6.177   6.427   6.677   6.927   7.177   7.427   7.677
   7.927   8.177   8.427   8.677   8.927   9.177   9.427   9.677   9.927  10.177  10.427  10.927  11.927  13.927  18.927
  28.927  48.927  98.927 198.927
   0.000   0.680   0.930   1.180   1.430   1.680   1.930   2.180   2.430   2.680   2.930   3.180   3.430   3.680   3.930
   4.180   4.430   4.680   4.930   5.180   5.430   5.680   5.930   6.180   6.430   6.680   6.930   7.180   7.430   7.680
   7.930   8.180   8.430   8.680   8.930   9.180   9.430   9.680   9.930  10.180  10.430  10.930  11.930  13.930  18.930
  28.930  48.930  98.930 198.930
   0.000   0.682   0.932   1.182   1.432   1.682   1.932   2.182   2.432   2.682   2.932   3.182   3.432   3.682   3.932
   4.182   4.432   4.682   4.932   5.182   5.432   5.682   5.932   6.182   6.432   6.682   6.932   7.182   7.432   7.682
   7.932   8.182   8.432   8.682   8.932   9.182   9.432   9.682   9.932  10.182  10.432  10.932  11.932  13.932  18.932
  28.932  48.932  98.932 198.932
   0.000   0.685   0.935   1.185   1.435   1.685   1.935   2.185   2.435   2.685   2.935   3.185   3.435   3.685   3.935
   4.185   4.435   4.685   4.935   5.185   5.435   5.685   5.935   6.185   6.435   6.685   6.935   7.185   7.435   7.685
   7.935   8.185   8.435   8.685   8.935   9.185   9.435   9.685   9.935  10.185  10.435  10.935  11.935  13.935  18.935
  28.935  48.935  98.935 198.935
   0.000   0.688   0.938   1.188   1.438   1.688   1.938   2.188   2.438   2.688   2.938   3.188   3.438   3.688   3.938
   4.188   4.438   4.688   4.938   5.188   5.438   5.688   5.938   6.188   6.438   6.688   6.938   7.188   7.438   7.688
   7.938   8.188   8.438   8.688   8.938   9.188   9.438   9.688   9.938  10.188  10.438  10.938  11.938  13.938  18.938
  28.938  48.938  98.938 198.938
   0.000   0.690   0.940   1.190   1.440   1.690   1.940   2.190   2.440   2.690   2.940   3.190   3.440   3.690   3.940
   4.190   4.440   4.690   4.940   5.190   5.440   5.690   5.940   6.190   6.440   6.690   6.940   7.190   7.440   7.690
   7.940   8.190   8.440   8.690   8.940   9.190   9.440   9.690   9.940  10.190  10.440  10.940  11.940  13.940  18.940
  28.940  48.940  98.940 198.940
   0.000   0.693   0.943   1.193   1.443   1.693   1.943   2.193   2.443   2.693   2.943   3.193   3.443   3.693   3.943
   4.193   4.443   4.693   4.943   5.193   5.443   5.693   5.943   6.193   6.443   6.693   6.943   7.193   7.443   7.693
   7.943   8.193   8.443   8.693   8.943   9.193   9.443   9.693   9.943  10.193  10.443  10.943  11.943  13.943  18.943
  28.943  48.943  98.943 198.943
   0.000   0.695   0.945   1.195   1.445   1.695   1.945   2.195   2.445   2.695   2.945   3.195   3.445   3.695   3.945
   4.195   4.445   4.695   4.945   5.195   5.445   5.695   5.945   6.195   6.445   6.695   6.945   7.195   7.445   7.695
   7.945   8.195   8.445   8.695   8.945   9.195   9.445   9.695   9.945  10.195  10.445  10.945  11.945  13.945  18.945
  28.945  48.945  98.945 198.945
   0.000   0.698   0.948   1.198   1.448   1.698   1.948   2.198   2.448   2.698   2.948   3.198   3.448   3.698   3.948
   4.198   4.448   4.698   4.948   5.198   5.448   5.698   5.948   6.198   6.448   6.698   6.948   7.198   7.448   7.698
   7.948   8.198   8.448   8.698   8.948   9.198   9.448   9.698   9.948  10.198  10.448  10.948  11.948  13.948  18.948
  28.948  48.948  98.948 198.948
   0.000   0.701   0.951   1.201   1.451   1.701   1.951   2.201   2.451   2.701   2.951   3.201   3.451   3.701   3.951
   4.201   4.451   4.701   4.951   5.201   5.451   5.701   5.951   6.201   6.451   6.701   6.951   7.201   7.451   7.701
   7.951   8.201   8.451   8.701   8.951   9.201   9.451   9.701   9.951  10.201  10.451  10.951  11.951  13.951  18.951
  28.951  48.951  98.951 198.951
   0.000   0.703   0.953   1.203   1.453   1.703   1.953   2.203   2.453   2.703   2.953   3.203   3.453   3.703   3.953
   4.203   4.453   4.703   4.953   5.203   5.453   5.703   5.953   6.203   6.453   6.703   6.953   7.203   7.453   7.703
   7.953   8.203   8.453   8.703   8.953   9.203   9.453   9.703   9.953  10.203  10.453  10.953  11.953  13.953  18.953
  28.953  48.953  98.953 198.953
   0.000   0.706   0.956   1.206   1.456   1.706   1.956   2.206   2.456   2.706   2.956   3.206   3.456   3.706   3.956
   4.206   4.456   4.706   4.956   5.206   5.456   5.706   5.956   6.206   6.456   6.706   6.956   7.206   7.456   7.706
   7.956   8.206   8.456   8.706   8.956   9.206   9.456   9.706   9.956  10.206  10.456  10.956  11.956  13.956  18.956
  28.956  48.956  98.956 198.956
   0.000   0.708   0.958   1.208   1.458   1.708   1.958   2.208   2.458   2.708   2.958   3.208   3.458   3.708   3.958
   4.208   4.458   4.708   4.958   5.208   5.458   5.708   5.958   6.208   6.458   6.708   6.958   7.208   7.458   7.708
   7.958   8.208   8.458   8.708   8.958   9.208   9.458   9.708   9.958  10.208  10.458  10.958  11.958  13.958  18.958
  28.958  48.958  98.958 198.958
   0.000   0.711   0.961   1.211   1.461   1.711   1.961   2.211   2.461   2.711   2.961   3.211   3.461   3.711   3.961
   4.211   4.461   4.711   4.961   5.211   5.461   5.711   5.961   6.211   6.461   6.711   6.961   7.211   7.461   7.711
   7.961   8.211   8.461   8.711   8.961   9.211   9.461   9.711   9.961  10.211  10.461  10.961  11.961  13.961  18.961
  28.961  48.961  98.961 198.961
   0.000   0.714   0.964   1.214   1.464   1.714   1.964   2.214   2.464   2.714   2.964   3.214   3.464   3.714   3.964
   4.214   4.464   4.714   4.964   5.214   5.464   5.714   5.964   6.214   6.464   6.714   6.964   7.214   7.464   7.714
   7.964   8.214   8.464   8.714   8.964   9.214   9.464   9.714   9.964  10.214  10.464  10.964  11.964  13.964  18.964
  28.964  48.964  98.964 198.964
   0.000   0.716   0.966   1.216   1.466   1.716   1.966   2.216   2.466   2.716   2.966   3.216   3.466   3.716   3.966
   4.216   4.466   4.716   4.966   5.216   5.466   5.716   5.966   6.216   6.466   6.716   6.966   7.216   7.466   7.716
   7.966   8.216   8.466   8.716   8.966   9.216   9.466   9.716   9.966  10.216  10.466  10.966  11.966  13.966  18.966
  28.966  48.966  98.966 198.966
   0.000   0.719   0.969   1.219   1.469   1.719   1.969   2.219   2.469   2.719   2.969   3.219   3.469   3.719   3.969
   4.219   4.469   4.719   4.969   5.219   5.469   5.719   5.969   6.219   6.469   6.719   6.969   7.219   7.469   7.719
   7.969   8.219   8.469   8.719   8.969   9.219   9.469   9.719   9.969  10.219  10.469  10.969  11.969  13.969  18.969
  28.969  48.969  98.969 198.969
   0.000   0.721   0.971   1.221   1.471   1.721   1.971   2.221   2.471   2.721   2.971   3.221   3.471   3.721   3.971
   4.221   4.471   4.721   4.971   5.221   5.471   5.721   5.971   6.221   6.471   6.721   6.971   7.221   7.471   7.721
   7.971   8.221   8.471   8.721   8.971   9.221   9.471   9.721   9.971  10.221  10.471  10.971  11.971  13.971  18.971
  28.971  48.971  98.971 198.971
   0.000   0.724   0.974   1.224   1.474   1.724   1.974   2.224   2.474   2.724   2.974   3.224   3.474   3.724   3.974
   4.224   4.474   4.724   4.974   5.224   5.474   5.724   5.974   6.224   6.474   6.724   6.974   7.224   7.474   7.724
   7.974   8.224   8.474   8.724   8.974   9.224   9.474   9.724   9.974  10.224  10.474  10.974  11.974  13.974  18.974
  28.974  48.974  98.974 198.974
   0.000   0.727   0.977   1.227   1.477   1.727   1.977   2.227   2.477   2.727   2.977   3.227   3.477   3.727   3.977
   4.227   4.477   4.727   4.977   5.227   5.477   5.727   5.977   6.227   6.477   6.727   6.977   7.227   7.477   7.727
   7.977   8.227   8.477   8.727   8.977   9.227   9.477   9.727   9.977  10.227  10.477  10.977  11.977  13.977  18.977
  28.977  48.977  98.977 198.977
   0.000   0.729   0.979   1.229   1.479   1.729   1.979   2.229   2.479   2.729   2.979   3.229   3.479   3.729   3.979
   4.229   4.479   4.729   4.979   5.229   5.479   5.729   5.979   6.229   6.479   6.729   6.979   7.229   7.479   7.729
   7.979   8.229   8.479   8.729   8.979   9.229   9.479   9.729   9.979  10.229  10.479  10.979  11.979  13.979  18.979
  28.979  48.979  98.979 198.979
   0.000   0.732   0.982   1.232   1.482   1.732   1.982   2.232   2.482   2.732   2.982   3.232   3.482   3.732   3.982
   4.232   4.482   4.732   4.982   5.232   5.482   5.732   5.982   6.232   6.482   6.732   6.982   7.232   7.482   7.732
   7.982   8.232   8.482   8.732   8.982   9.232   9.482   9.732   9.982  10.232  10.482  10.982  11.982  13.982  18.982
  28.982  48.982  98.982 198.982
   0.000   0.734   0.984   1.234   1.484   1.734   1.984   2.234   2.484   2.734   2.984   3.234   3.484   3.734   3.984
   4.234   4.484   4.734   4.984   5.234   5.484   5.734   5.984   6.234   6.484   6.734   6.984   7.234   7.484   7.734
   7.984   8.234   8.484   8.734   8.984   9.234   9.484   9.734   9.984  10.234  10.484  10.984  11.984  13.984  18.984
  28.984  48.984  98.984 198.984
   0.000   0.737   0.987   1.237   1.487   1.737   1.987   2.237   2.487   2.737   2.987   3.237   3.487   3.737   3.987
   4.237   4.487   4.737   4.987   5.237   5.487   5.737   5.987   6.237   6.487   6.737   6.987   7.237   7.487   7.737
   7.987   8.237   8.487   8.737   8.987   9.237   9.487   9.737   9.987  10.237  10.487  10.987  11.987  13.987  18.987
  28.987  48.987  98.987 198.987
   0.000   0.740   0.990   1.240   1.490   1.740   1.990   2.240   2.490   2.740   2.990   3.240   3.490   3.740   3.990
   4.240   4.490   4.740   4.990   5.240   5.490   5.740   5.990   6.240   6.490   6.740   6.990   7.240   7.490   7.740
   7.990   8.240   8.490   8.740   8.990   9.240   9.490   9.740   9.990  10.240  10.490  10.990  11.990  13.990  18.990
  28.990  48.990  98.990 198.990
   0.000   0.742   0.992   1.242   1.492   1.742   1.992   2.242   2.492   2.742   2.992   3.242   3.492   3.742   3.992
   4.242   4.492   4.742   4.992   5.242   5.492   5.742   5.992   6.242   6.492   6.742   6.992   7.242   7.492   7.742
   7.992   8.242   8.492   8.742   8.992   9.242   9.492   9.742   9.992  10.242  10.492  10.992  11.992  13.992  18.992
  28.992  48.992  98.992 198.992
   0.000   0.745   0.995   1.245   1.495   1.745   1.995   2.245   2.495   2.745   2.995   3.245   3.495   3.745   3.995
   4.245   4.495   4.745   4.995   5.245   5.495   5.745   5.995   6.245   6.495   6.745   6.995   7.245   7.495   7.745
   7.995   8.245   8.495   8.745   8.995   9.245   9.495   9.745   9.995  10.245  10.495  10.995  11.995  13.995  18.995
  28.995  48.995  98.995 198.995
   0.000   0.747   0.997   1.247   1.497   1.747   1.997   2.247   2.497   2.747   2.997   3.247   3.497   3.747   3.997
   4.247   4.497   4.747   4.997   5.247   5.497   5.747   5.997   6.247   6.497   6.747   6.997   7.247   7.497   7.747
   7.997   8.247   8.497   8.747   8.997   9.247   9.497   9.747   9.997  10.247  10.497  10.997  11.997  13.997  18.997
  28.997  48.997  98.997 198.997
   0.000   0.750   1.000   1.250   1.500   1.750   2.000   2.250   2.500   2.750   3.000   3.250   3.500   3.750   4.000
   4.250   4.500   4.750   5.000   5.250   5.500   5.750   6.000   6.250   6.500   6.750   7.000   7.250   7.500   7.750
   8.000   8.250   8.500   8.750   9.000   9.250   9.500   9.750  10.000  10.250  10.500  11.000  12.000  14.000  19.000
  29.000  49.000  99.000 199.000
   0.000   0.750   1.000   1.250   1.500   1.750   2.000   2.250   2.500   2.750   3.000   3.250   3.500   3.750   4.000
   4.250   4.500   4.750   5.000   5.250   5.500   5.750   6.000   6.250   6.500   6.750   7.000   7.250   7.500   7.750
   8.000   8.250   8.500   8.750   9.000   9.250   9.500   9.750  10.000  10.250  10.500  11.000  12.000  14.000  19.000
  29.000  49.000  99.000 199.000
   0.000   0.750   1.000   1.250   1.500   1.750   2.000   2.250   2.500   2.750   3.000   3.250   3.500   3.750   4.000
   4.250   4.500   4.750   5.000   5.250   5.500   5.750   6.000   6.250   6.500   6.750   7.000   7.250   7.500   7.750
   8.000   8.250   8.500   8.750   9.000   9.250   9.500   9.750  10.000  10.250  10.500  11.000  12.000  14.000  19.000
  29.000  49.000  99.000 199.000
   0.000   0.750   1.000   1.250   1.500   1.750   2.000   2.250   2.500   2.750   3.000   3.250   3.500   3.750   4.000
   4.250   4.500   4.750   5.000   5.250   5.500   5.750   6.000   6.250   6.500   6.750   7.000   7.250   7.500   7.750
   8.000   8.250   8.500   8.750   9.000   9.250   9.500   9.750  10.000  10.250  10.500  11.000  12.000  14.000  19.000
  29.000  49.000  99.000 199.000
   0.000   0.750   1.000   1.250   1.500   1.750   2.000   2.250   2.500   2.750   3.000   3.250   3.500   3.750   4.000
   4.250   4.500   4.750   5.000   5.250   5.500   5.750   6.000   6.250   6.500   6.750   7.000   7.250   7.500   7.750
   8.000   8.250   8.500   8.750   9.000   9.250   9.500   9.750  10.000  10.250  10.500  11.000  12.000  14.000  19.000
  29.000  49.000  99.000 199.000
   0.000   0.750   1.000   1.250   1.500   1.750   2.000   2.250   2.500   2.750   3.000   3.250   3.500   3.750   4.000
   4.250   4.500   4.750   5.000   5.250   5.500   5.750   6.000   6.250   6.500   6.750   7.000   7.250   7.500   7.750
   8.000   8.250   8.500   8.750   9.000   9.250   9.500   9.750  10.000  10.250  10.500  11.000  12.000  14.000  19.000
  29.000  49.000  99.000 199.000
   0.000   0.750   1.000   1.250   1.500   1.750   2.000   2.250   2.500   2.750   3.000   3.250   3.500   3.750   4.000
   4.250   4.500   4.750   5.000   5.250   5.500   5.750   6.000   6.250   6.500   6.750   7.000   7.250   7.500   7.750
   8.000   8.250   8.500   8.750   9.000   9.250   9.500   9.750  10.000  10.250  10.500  11.000  12.000  14.000  19.000
  29.000  49.000  99.000 199.000
   0.000   0.750   1.000   1.250   1.500   1.750   2.000   2.250   2.500   2.750   3.000   3.250   3.500   3.750   4.000
   4.250   4.500   4.750   5.000   5.250   5.500   5.750   6.000   6.250   6.500   6.750   7.000   7.250   7.500   7.750
   8.000   8.250   8.500   8.750   9.000   9.250   9.500   9.750  10.000  10.250  10.500  11.000  12.000  14.000  19.000
  29.000  49.000  99.000 199.000
   0.000   0.750   1.000   1.250   1.500   1.750   2.000   2.250   2.500   2.750   3.000   3.250   3.500   3.750   4.000
   4.250   4.500   4.750   5.000   5.250   5.500   5.750   6.000   6.250   6.500   6.750   7.000   7.250   7.500   7.750
   8.000   8.250   8.500   8.750   9.000   9.250   9.500   9.750  10.000  10.250  10.500  11.000  12.000  14.000  19.000
  29.000  49.000  99.000 199.000
   0.000   0.750   1.000   1.250   1.500   1.750   2.000   2.250   2.500   2.750   3.000   3.250   3.500   3.750   4.000
   4.250   4.500   4.750   5.000   5.250   5.500   5.750   6.000   6.250   6.500   6.750   7.000   7.250   7.500   7.750
   8.000   8.250   8.500   8.750   9.000   9.250   9.500   9.750  10.000  10.250  10.500  11.000  12.000  14.000  19.000
  29.000  49.000  99.000 199.000
   0.000   0.750   1.000   1.250   1.500   1.750   2.000   2.250   2.500   2.750   3.000   3.250   3.500   3.750   4.000
   4.250   4.500   4.750   5.000   5.250   5.500   5.750   6.000   6.250   6.500   6.750   7.000   7.250   7.500   7.750
   8.000   8.250   8.500   8.750   9.000   9.250   9.500   9.750  10.000  10.250  10.500  11.000  12.000  14.000  19.000
  29.000  49.000  99.000 199.000
   0.000   0.750   1.000   1.250   1.500   1.750   2.000   2.250   2.500   2.750   3.000   3.250   3.500   3.750   4.000
   4.250   4.500   4.750   5.000   5.250   5.500   5.750   6.000   6.250   6.500   6.750   7.000   7.250   7.500   7.750
   8.000   8.250   8.500   8.750   9.000   9.250   9.500   9.750  10.000  10.250  10.500  11.000  12.000  14.000  19.000
  29.000  49.000  99.000 199.000
   0.000   0.750   1.000   1.250   1.500   1.750   2.000   2.250   2.500   2.750   3.000   3.250   3.500   3.750   4.000
   4.250   4.500   4.750   5.000   5.250   5.500   5.750   6.000   6.250   6.500   6.750   7.000   7.250   7.500   7.750
   8.000   8.250   8.500   8.750   9.000   9.250   9.500   9.750  10.000  10.250  10.500  11.000  12.000  14.000  19.000
  29.000  49.000  99.000 199.000
   0.000   0.750   1.000   1.250   1.500   1.750   2.000   2.250   2.500   2.750   3.000   3.250   3.500   3.750   4.000
   4.250   4.500   4.750   5.000   5.250   5.500   5.750   6.000   6.250   6.500   6.750   7.000   7.250   7.500   7.750
   8.000   8.250   8.500   8.750   9.000   9.250   9.500   9.750  10.000  10.250  10.500  11.000  12.000  14.000  19.000
  29.000  49.000  99.000 199.000
   0.000   0.750   1.000   1.250   1.500   1.750   2.000   2.250   2.500   2.750   3.000   3.250   3.500   3.750   4.000
   4.250   4.500   4.750   5.000   5.250   5.500   5.750   6.000   6.250   6.500   6.750   7.000   7.250   7.500   7.750
   8.000   8.250   8.500   8.750   9.000   9.250   9.500   9.750  10.000  10.250  10.500  11.000  12.000  14.000  19.000
  29.000  49.000  99.000 199.000
   0.000   0.750   1.000   1.250   1.500   1.750   2.000   2.250   2.500   2.750   3.000   3.250   3.500   3.750   4.000
   4.250   4.500   4.750   5.000   5.250   5.500   5.750   6.000   6.250   6.500   6.750   7.000   7.250   7.500   7.750
   8.000   8.250   8.500   8.750   9.000   9.250   9.500   9.750  10.000  10.250  10.500  11.000  12.000  14.000  19.000
  29.000  49.000  99.000 199.000
   0.000   0.750   1.000   1.250   1.500   1.750   2.000   2.250   2.500   2.750   3.000   3.250   3.500   3.750   4.000
   4.250   4.500   4.750   5.000   5.250   5.500   5.750   6.000   6.250   6.500   6.750   7.000   7.250   7.500   7.750
   8.000   8.250   8.500   8.750   9.000   9.250   9.500   9.750  10.000  10.250  10.500  11.000  12.000  14.000  19.000
  29.000  49.000  99.000 199.000
                                                                                                                                                                                                                                                                                                                                                                                                                                                                                                                                                                                                                                                                                                                                                                                                                                                                                                                                                                                                                                                                                                                                                                                               
      

  225 << num_regions
      1       10752   100.0 << elem_1,elem_2,value    
      1       2       10.0
      49      50      10.0
      97      98      10.0
      145     146     10.0
      193     194     10.0
      241     242     10.0
      289     290     10.0
      337     338     10.0
      385     386     10.0
      433     434     10.0
      481     482     10.0
      529     530     10.0
      577     578     10.0
      625     626     10.0
      673     674     10.0
      721     722     10.0
      769     770     10.0
      817     818     10.0
      865     866     10.0
      913     914     10.0
      961     962     10.0
      1009    1010    10.0
      1057    1058    10.0
      1105    1106    10.0
      1153    1154    10.0
      1201    1202    10.0
      1249    1250    10.0
      1297    1298    10.0
      1345    1346    10.0
      1393    1394    10.0
      1441    1442    10.0
      1489    1490    10.0
      1537    1538    10.0
      1585    1586    10.0
      1633    1634    10.0
      1681    1682    10.0
      1729    1730    10.0
      1777    1778    10.0
      1825    1826    10.0
      1873    1874    10.0
      1921    1922    10.0
      1969    1970    10.0
      2017    2018    10.0
      2065    2066    10.0
      2113    2114    10.0
      2161    2162    10.0
      2209    2210    10.0
      2257    2258    10.0
      2305    2306    10.0
      2353    2354    10.0
      2401    2402    10.0
      2449    2450    10.0
      2497    2498    10.0
      2545    2546    10.0
      2593    2594    10.0
      2641    2642    10.0
      2689    2690    10.0
      2737    2738    10.0
      2785    2786    10.0
      2833    2834    10.0
      2881    2882    10.0
      2929    2930    10.0
      2977    2978    10.0
      3025    3026    10.0
      3073    3074    10.0
      3121    3122    10.0
      3169    3170    10.0
      3217    3218    10.0
      3265    3266    10.0
      3313    3314    10.0
      3361    3362    10.0
      3409    3410    10.0
      3457    3458    10.0
      3505    3506    10.0
      3553    3554    10.0
      3601    3602    10.0
      3649    3650    10.0
      3697    3698    10.0
      3745    3746    10.0
      3793    3794    10.0
      3841    3842    10.0
      3889    3890    10.0
      3937    3938    10.0
      3985    3986    10.0
      4033    4034    10.0
      4081    4082    10.0
      4129    4130    10.0
      4177    4178    10.0
      4225    4226    10.0
      4273    4274    10.0
      4321    4322    10.0
      4369    4370    10.0
      4417    4418    10.0
      4465    4466    10.0
      4513    4514    10.0
      4561    4562    10.0
      4609    4610    10.0
      4657    4658    10.0
      4705    4706    10.0
      4753    4754    10.0
      4801    4802    10.0
      4849    4850    10.0
      4897    4898    10.0
      4945    4946    10.0
      4993    4994    10.0
      5041    5042    10.0
      5089    5090    10.0
      5137    5138    10.0
      5185    5186    10.0
      5233    5234    10.0
      5281    5282    10.0
      5329    5330    10.0
      5377    5378    10.0
      5425    5426    10.0
      5473    5474    10.0
      5521    5522    10.0
      5569    5570    10.0
      5617    5618    10.0
      5665    5666    10.0
      5713    5714    10.0
      5761    5762    10.0
      5809    5810    10.0
      5857    5858    10.0
      5905    5906    10.0
      5953    5954    10.0
      6001    6002    10.0
      6049    6050    10.0
      6097    6098    10.0
      6145    6146    10.0
      6193    6194    10.0
      6241    6242    10.0
      6289    6290    10.0
      6337    6338    10.0
      6385    6386    10.0
      6433    6434    10.0
      6481    6482    10.0
      6529    6530    10.0
      6577    6578    10.0
      6625    6626    10.0
      6673    6674    10.0
      6721    6722    10.0
      6769    6770    10.0
      6817    6818    10.0
      6865    6866    10.0
      6913    6914    10.0
      6961    6962    10.0
      7009    7010    10.0
      7057    7058    10.0
      7105    7106    10.0
      7153    7154    10.0
      7201    7202    10.0
      7249    7250    10.0
      7297    7298    10.0
      7345    7346    10.0
      7393    7394    10.0
      7441    7442    10.0
      7489    7490    10.0
      7537    7538    10.0
      7585    7586    10.0
      7633    7634    10.0
      7681    7682    10.0
      7729    7730    10.0
      7777    7778    10.0
      7825    7826    10.0
      7873    7874    10.0
      7921    7922    10.0
      7969    7970    10.0
      8017    8018    10.0
      8065    8066    10.0
      8113    8114    10.0
      8161    8162    10.0
      8209    8210    10.0
      8257    8258    10.0
      8305    8306    10.0
      8353    8354    10.0
      8401    8402    10.0
      8449    8450    10.0
      8497    8498    10.0
      8545    8546    10.0
      8593    8594    10.0
      8641    8642    10.0
      8689    8690    10.0
      8737    8738    10.0
      8785    8786    10.0
      8833    8834    10.0
      8881    8882    10.0
      8929    8930    10.0
      8977    8978    10.0
      9025    9026    10.0
      9073    9074    10.0
      9121    9122    10.0
      9169    9170    10.0
      9217    9218    10.0
      9265    9266    10.0
      9313    9314    10.0
      9361    9362    10.0
      9409    9410    10.0
      9457    9458    10.0
      9505    9506    10.0
      9553    9554    10.0
      9601    9602    10.0
      9649    9650    10.0
      9697    9698    10.0
      9745    9746    10.0
      9793    9794    10.0
      9841    9842    10.0
      9889    9890    10.0
      9937    9938    10.0
      9985    9986    10.0
      10033   10034   10.0
      10081   10082   10.0
      10129   10130   10.0
      10177   10178   10.0
      10225   10226   10.0
      10273   10274   10.0
      10321   10322   10.0
      10369   10370   10.0
      10417   10418   10.0
      10465   10466   10.0
      10513   10514   10.0
      10561   10562   10.0
      10609   10610   10.0
      10657   10658   10.0
      10705   10706   10.0


  5  << num_poly
  0.0   0.0
 48.0   0.0
 48.0   -8.0
  0.0   -8.0
  0.0   0.0                  
        
  25  << num_electrodes
1       17      3   << elec, column, row
2       25      3
3       33      3
4       41      3
5       49      3
6       57      3
7       65      3
8       73      3
9       81      3
10      89      3
11      97      3
12      105     3
13      113     3
14      121     3
15      129     3
16      137     3
17      145     3
18      153     3
19      161     3
20      169     3
21      177     3
22      185     3
23      193     3
24      201     3
25      209     3

  