Forward model for dp-dp survey as in Fig 5.7 of Binley & Kemna(2005)


    0    6  3.0    0    0
      

  9 << num_regions
       1      10752   100.000 << elem_1,elem_2,value    
    3461  3472    10
    3509  3520    10
    3557  3568    10
    3605  3616    10
    3653  3664    10
    3701  3712    10
    3749  3760    10
    3797  3808    10
            
  5  << num_poly
  0.0   0.0
 48.0   0.0
 48.0   -8.0
  0.0   -8.0
  0.0   0.0
            
        
  25  << num_electrodes
1       785        << elec, node
2       1177
3       1569
4       1961
5       2353
6       2745
7       3137
8       3529
9       3921
10      4313
11      4705
12      5097
13      5489
14      5881
15      6273
16      6665
17      7057
18      7449
19      7841
20      8233
21      8625
22      9017
23      9409
24      9801
25      10193

    